                            OLS Regression Results                            
==============================================================================
Dep. Variable:                edu_ner   R-squared:                       0.556
Model:                            OLS   Adj. R-squared:                  0.517
Method:                 Least Squares   F-statistic:                     14.01
Date:                Thu, 15 Jul 2021   Prob (F-statistic):          2.59e-136
Time:                        14:59:25   Log-Likelihood:                -1821.5
No. Observations:                1207   AIC:                             3843.
Df Residuals:                    1107   BIC:                             4353.
Df Model:                          99                                         
Covariance Type:            nonrobust                                         
========================================================================================
                           coef    std err          t      P>|t|      [0.025      0.975]
----------------------------------------------------------------------------------------
mean_pc_last_5           0.1101      0.036      3.102      0.002       0.040       0.180
edu_pupil_teacher       -0.0268      0.011     -2.376      0.018      -0.049      -0.005
young_population        -0.0992      0.021     -4.824      0.000      -0.140      -0.059
gdp_pc_ppp            4.565e-05   2.73e-05      1.669      0.095   -8.01e-06    9.93e-05
cash_surplus_deficit     0.0011      0.009      0.127      0.899      -0.016       0.018
inflation             5.159e-05   4.73e-05      1.090      0.276   -4.12e-05       0.000
trade_share_gdp         -0.0054      0.003     -1.995      0.046      -0.011   -8.76e-05
freedom_house            0.0582      0.061      0.948      0.343      -0.062       0.179
AGO                      9.8989      1.277      7.752      0.000       7.393      12.404
ALB                      6.6219      0.911      7.273      0.000       4.835       8.408
ARG                   4.373e-11   3.09e-11      1.415      0.157   -1.69e-11    1.04e-10
ARM                      6.7252      0.883      7.618      0.000       4.993       8.457
ATG                      4.5345      1.199      3.783      0.000       2.182       6.887
AZE                      7.6289      0.879      8.681      0.000       5.905       9.353
BDI                      9.1543      1.229      7.447      0.000       6.742      11.566
BEN                      9.9473      1.109      8.973      0.000       7.772      12.122
BFA                      9.5102      1.139      8.349      0.000       7.275      11.745
BGD                      8.9229      0.951      9.380      0.000       7.056      10.789
BGR                      6.1558      0.771      7.980      0.000       4.642       7.670
BIH                  -9.623e-12   6.95e-12     -1.385      0.166   -2.33e-11    4.01e-12
BLR                      6.2161      0.856      7.264      0.000       4.537       7.895
BLZ                   1.123e-12   8.15e-13      1.378      0.168   -4.76e-13    2.72e-12
BOL                      8.4747      0.997      8.497      0.000       6.518      10.432
BRA                      7.2944      0.920      7.929      0.000       5.489       9.099
BRB                   3.313e-12    2.4e-12      1.383      0.167   -1.39e-12    8.01e-12
BTN                      7.0713      1.074      6.587      0.000       4.965       9.178
BWA                      8.7377      1.144      7.640      0.000       6.494      10.982
CAF                  -2.102e-12   1.52e-12     -1.384      0.167   -5.08e-12    8.78e-13
CHL                      4.1921      1.039      4.035      0.000       2.153       6.231
CHN                  -5.953e-13   4.31e-13     -1.382      0.167   -1.44e-12     2.5e-13
CIV                      9.4167      1.172      8.034      0.000       7.117      11.716
CMR                      9.9385      1.166      8.523      0.000       7.650      12.226
COD                      6.8379      1.071      6.382      0.000       4.736       8.940
COG                      7.3506      1.251      5.874      0.000       4.895       9.806
COL                      7.7036      0.945      8.148      0.000       5.848       9.559
COM                  -9.627e-15    5.9e-15     -1.632      0.103   -2.12e-14    1.95e-15
CPV                      8.4654      1.096      7.723      0.000       6.315      10.616
CRI                      7.9020      0.996      7.932      0.000       5.947       9.857
CUB                   7.156e-15   4.42e-15      1.617      0.106   -1.52e-15    1.58e-14
CYP                  -1.912e-13   1.39e-13     -1.380      0.168   -4.63e-13    8.06e-14
CZE                  -1.522e-13   1.09e-13     -1.393      0.164   -3.67e-13    6.22e-14
DJI                  -3.249e-17   1.14e-15     -0.028      0.977   -2.27e-15    2.21e-15
DMA                   2.565e-15   1.57e-15      1.636      0.102   -5.12e-16    5.64e-15
DOM                      7.7156      1.011      7.630      0.000       5.731       9.700
DZA                      7.9208      1.001      7.915      0.000       5.957       9.884
ECU                      5.1516      1.100      4.682      0.000       2.993       7.311
EGY                      7.4799      1.017      7.354      0.000       5.484       9.476
ERI                  -5.956e-16   2.16e-16     -2.758      0.006   -1.02e-15   -1.72e-16
ESP                   1.716e-15   1.24e-15      1.387      0.166   -7.12e-16    4.14e-15
EST                   5.104e-16   6.87e-16      0.743      0.458   -8.38e-16    1.86e-15
ETH                      9.9549      1.586      6.277      0.000       6.843      13.067
FIN                   1.115e-16   3.09e-16      0.361      0.718   -4.94e-16    7.17e-16
FJI                      8.4391      1.086      7.772      0.000       6.309      10.570
FSM                   2.309e-16   3.56e-16      0.648      0.517   -4.68e-16     9.3e-16
GAB                  -1.779e-16   3.04e-16     -0.585      0.559   -7.75e-16    4.19e-16
GEO                      6.6065      0.714      9.252      0.000       5.205       8.008
GHA                      9.1286      1.041      8.773      0.000       7.087      11.170
GIN                   5.168e-17   2.47e-16      0.209      0.834   -4.33e-16    5.36e-16
GMB                      9.5534      1.559      6.128      0.000       6.495      12.612
GNB                  -3.796e-16   1.74e-16     -2.185      0.029    -7.2e-16   -3.88e-17
GNQ                      6.6203      1.952      3.392      0.001       2.791      10.449
GRC                   -2.62e-16   1.58e-16     -1.658      0.098   -5.72e-16    4.81e-17
GRD                      6.2471      0.999      6.251      0.000       4.286       8.208
GTM                      7.9590      1.097      7.256      0.000       5.807      10.111
GUY                   1.487e-17    1.5e-16      0.099      0.921    -2.8e-16     3.1e-16
HKG                  -1.105e-15   1.63e-16     -6.789      0.000   -1.42e-15   -7.85e-16
HND                      9.2385      1.114      8.293      0.000       7.053      11.424
HRV                      5.1887      0.969      5.355      0.000       3.287       7.090
HTI                  -3.476e-16   1.64e-16     -2.115      0.035    -6.7e-16   -2.51e-17
HUN                  -4.508e-16   1.39e-16     -3.242      0.001   -7.24e-16   -1.78e-16
IDN                      7.9476      0.876      9.071      0.000       6.228       9.667
IND                      8.7594      0.868     10.094      0.000       7.057      10.462
IRL                  -6.828e-16   1.58e-16     -4.316      0.000   -9.93e-16   -3.72e-16
IRN                      8.1534      1.034      7.885      0.000       6.124      10.182
IRQ                   1.108e-15   2.74e-16      4.044      0.000    5.71e-16    1.65e-15
ISL                   6.778e-17   1.29e-16      0.527      0.599   -1.85e-16     3.2e-16
ISR                  -3.451e-18   1.27e-16     -0.027      0.978   -2.53e-16    2.46e-16
JAM                      7.8148      0.976      8.006      0.000       5.900       9.730
JOR                      7.0293      1.167      6.022      0.000       4.739       9.320
JPN                    3.95e-16   1.01e-16      3.901      0.000    1.96e-16    5.94e-16
KAZ                  -1.976e-16   1.68e-16     -1.177      0.240   -5.27e-16    1.32e-16
KEN                      9.2692      1.084      8.552      0.000       7.142      11.396
KGZ                      8.3978      0.928      9.049      0.000       6.577      10.219
KHM                      9.5912      1.108      8.657      0.000       7.417      11.765
KIR                   -2.81e-16   6.32e-17     -4.449      0.000   -4.05e-16   -1.57e-16
KOR                   3.292e-17   8.12e-17      0.405      0.685   -1.26e-16    1.92e-16
LAO                      8.6659      1.109      7.813      0.000       6.490      10.842
LBN                      2.0448      1.258      1.626      0.104      -0.423       4.512
LBR                   2.812e-16   7.29e-17      3.857      0.000    1.38e-16    4.24e-16
LCA                   5.192e-16   7.07e-17      7.345      0.000    3.81e-16    6.58e-16
LKA                      5.6468      0.837      6.746      0.000       4.004       7.289
LSO                      9.3991      1.283      7.324      0.000       6.881      11.917
LTU                   -6.95e-17   3.53e-17     -1.970      0.049   -1.39e-16    -2.9e-19
LVA                   6.907e-17   3.09e-17      2.236      0.026    8.45e-18     1.3e-16
MAR                      8.0405      0.914      8.793      0.000       6.246       9.835
MDA                      6.1547      0.785      7.840      0.000       4.614       7.695
MDG                      6.9787      1.097      6.359      0.000       4.825       9.132
MDV                  -9.883e-17   2.99e-17     -3.301      0.001   -1.58e-16   -4.01e-17
MEX                      8.1828      1.191      6.873      0.000       5.847      10.519
MHL                    2.34e-17   8.39e-18      2.788      0.005    6.94e-18    3.99e-17
MKD                      6.2925      0.903      6.966      0.000       4.520       8.065
MLI                      9.9982      1.170      8.546      0.000       7.703      12.294
MMR                      8.2455      1.129      7.300      0.000       6.029      10.462
MNE                           0          0        nan        nan           0           0
MNG                      8.0693      0.947      8.523      0.000       6.212       9.927
MOZ                     10.4460      1.383      7.551      0.000       7.731      13.161
MRT                           0          0        nan        nan           0           0
MUS                      7.4951      0.949      7.900      0.000       5.634       9.357
MWI                           0          0        nan        nan           0           0
MYS                      8.0093      1.267      6.321      0.000       5.523      10.495
NAM                      8.9333      1.143      7.813      0.000       6.690      11.177
NER                           0          0        nan        nan           0           0
NGA                      9.4091      1.111      8.468      0.000       7.229      11.589
NIC                      8.7590      0.998      8.773      0.000       6.800      10.718
NPL                      8.9457      0.992      9.015      0.000       6.999      10.893
NRU                           0          0        nan        nan           0           0
NZL                           0          0        nan        nan           0           0
OMN                           0          0        nan        nan           0           0
PAK                      6.6963      1.010      6.633      0.000       4.715       8.677
PAN                      8.4294      1.144      7.369      0.000       6.185      10.674
PER                      7.5842      0.921      8.239      0.000       5.778       9.390
PHL                      8.7704      0.986      8.899      0.000       6.837      10.704
PLW                           0          0        nan        nan           0           0
PNG                      5.0096      1.059      4.729      0.000       2.931       7.088
POL                      5.8766      0.935      6.285      0.000       4.042       7.711
PRK                           0          0        nan        nan           0           0
PRT                           0          0        nan        nan           0           0
PRY                      8.1856      1.063      7.700      0.000       6.100      10.272
PSE                           0          0        nan        nan           0           0
ROU                      5.8816      0.817      7.203      0.000       4.279       7.484
RUS                      6.1464      0.900      6.827      0.000       4.380       7.913
RWA                      6.5831      1.118      5.891      0.000       4.390       8.776
SDN                           0          0        nan        nan           0           0
SEN                      9.4362      1.095      8.620      0.000       7.288      11.584
SGP                           0          0        nan        nan           0           0
SLB                           0          0        nan        nan           0           0
SLE                           0          0        nan        nan           0           0
SLV                      8.5678      1.016      8.431      0.000       6.574      10.562
SOM                           0          0        nan        nan           0           0
SRB                      6.1084      0.929      6.578      0.000       4.286       7.930
SSD                           0          0        nan        nan           0           0
STP                           0          0        nan        nan           0           0
SUR                      7.2484      1.165      6.222      0.000       4.963       9.534
SVK                           0          0        nan        nan           0           0
SVN                           0          0        nan        nan           0           0
SWZ                           0          0        nan        nan           0           0
SYC                      7.0217      1.155      6.080      0.000       4.756       9.288
SYR                           0          0        nan        nan           0           0
TCA                           0          0        nan        nan           0           0
TCD                           0          0        nan        nan           0           0
TGO                      9.7736      1.111      8.797      0.000       7.594      11.954
THA                      3.6174      0.876      4.132      0.000       1.899       5.335
TJK                      9.4622      1.178      8.032      0.000       7.151      11.774
TKM                           0          0        nan        nan           0           0
TLS                           0          0        nan        nan           0           0
TON                           0          0        nan        nan           0           0
TTO                           0          0        nan        nan           0           0
TUN                      7.6860      0.938      8.198      0.000       5.846       9.526
TUR                      7.5093      1.061      7.080      0.000       5.428       9.590
TUV                           0          0        nan        nan           0           0
TZA                     10.1854      1.252      8.137      0.000       7.729      12.642
UGA                      7.0549      1.191      5.925      0.000       4.718       9.391
UKR                      5.3845      0.748      7.195      0.000       3.916       6.853
URY                      6.6661      0.864      7.714      0.000       4.971       8.362
USA                           0          0        nan        nan           0           0
UZB                           0          0        nan        nan           0           0
VNM                           0          0        nan        nan           0           0
VUT                      7.6307      1.033      7.386      0.000       5.603       9.658
WSM                      8.6711      1.532      5.660      0.000       5.665      11.677
XKX                           0          0        nan        nan           0           0
YEM                           0          0        nan        nan           0           0
YUG                           0          0        nan        nan           0           0
ZAF                      8.3364      1.012      8.239      0.000       6.351      10.322
ZMB                     10.1983      1.176      8.671      0.000       7.891      12.506
ZWE                           0          0        nan        nan           0           0
==============================================================================
Omnibus:                      121.067   Durbin-Watson:                   1.917
Prob(Omnibus):                  0.000   Jarque-Bera (JB):              388.817
Skew:                          -0.480   Prob(JB):                     3.71e-85
Kurtosis:                       5.609   Cond. No.                     4.30e+20
==============================================================================

Notes:
[1] Standard Errors assume that the covariance matrix of the errors is correctly specified.
[2] The smallest eigenvalue is 6.74e-31. This might indicate that there are
strong multicollinearity problems or that the design matrix is singular.