                              OLS Regression Results                              
==================================================================================
Dep. Variable:     education_lag_4_growth   R-squared:                       0.324
Model:                                OLS   Adj. R-squared:                  0.258
Method:                     Least Squares   F-statistic:                     4.867
Date:                    Thu, 03 Jun 2021   Prob (F-statistic):           3.90e-40
Time:                            21:18:41   Log-Likelihood:                 1326.4
No. Observations:                    1115   AIC:                            -2451.
Df Residuals:                        1014   BIC:                            -1944.
Df Model:                             100                                         
Covariance Type:                nonrobust                                         
==========================================================================================
                             coef    std err          t      P>|t|      [0.025      0.975]
------------------------------------------------------------------------------------------
const                      1.0134      0.064     15.826      0.000       0.888       1.139
project_completed_year     0.0079      0.006      1.267      0.206      -0.004       0.020
pc_commit_education     5.787e-05      0.000      0.343      0.732      -0.000       0.000
edu_pupil_teacher         -0.0003      0.001     -0.334      0.738      -0.002       0.001
young_population           0.0004      0.001      0.282      0.778      -0.002       0.003
gdp_pc_ppp             -2.728e-06   1.89e-06     -1.447      0.148   -6.43e-06    9.71e-07
cash_surplus_deficit       0.0011      0.001      1.779      0.075      -0.000       0.002
inflation              -8.133e-06   3.35e-06     -2.428      0.015   -1.47e-05   -1.56e-06
trade_share_gdp         1.324e-05      0.000      0.069      0.945      -0.000       0.000
freedom_house              0.0072      0.004      1.647      0.100      -0.001       0.016
AGO                        0.0203      0.044      0.460      0.645      -0.066       0.107
ALB                       -0.0237      0.030     -0.803      0.422      -0.082       0.034
ARG                     1.373e-16   5.07e-17      2.712      0.007     3.8e-17    2.37e-16
ARM                        0.0156      0.039      0.399      0.690      -0.061       0.092
ATG                       -0.0146      0.042     -0.351      0.726      -0.096       0.067
AZE                       -0.0377      0.024     -1.578      0.115      -0.085       0.009
BDI                       -0.1783      0.037     -4.758      0.000      -0.252      -0.105
BEN                        0.0446      0.029      1.542      0.123      -0.012       0.101
BFA                        0.1497      0.029      5.190      0.000       0.093       0.206
BGD                        0.0519      0.036      1.429      0.153      -0.019       0.123
BGR                        0.0172      0.028      0.615      0.539      -0.038       0.072
BIH                     1.485e-17   6.86e-17      0.216      0.829    -1.2e-16     1.5e-16
BLR                       -0.0206      0.030     -0.698      0.485      -0.079       0.037
BLZ                     5.143e-17   4.85e-17      1.061      0.289   -4.37e-17    1.47e-16
BOL                       -0.0424      0.028     -1.515      0.130      -0.097       0.013
BRA                       -0.0239      0.026     -0.916      0.360      -0.075       0.027
BRB                      4.58e-17   4.09e-17      1.121      0.263   -3.44e-17    1.26e-16
BTN                        0.1273      0.022      5.742      0.000       0.084       0.171
BWA                       -0.0048      0.024     -0.202      0.840      -0.052       0.042
CAF                    -9.529e-17   4.65e-17     -2.049      0.041   -1.87e-16   -4.05e-18
CHL                        0.0121      0.040      0.303      0.762      -0.066       0.091
CHN                    -2.088e-17   2.59e-17     -0.807      0.420   -7.17e-17    2.99e-17
CIV                       -0.0039      0.028     -0.140      0.889      -0.058       0.050
CMR                       -0.0428      0.036     -1.177      0.239      -0.114       0.029
COD                        0.0019      0.024      0.077      0.938      -0.046       0.049
COG                        0.0942      0.033      2.850      0.004       0.029       0.159
COL                        0.0225      0.023      0.986      0.324      -0.022       0.067
COM                    -1.006e-17   5.69e-17     -0.177      0.860   -1.22e-16    1.02e-16
CPV                       -0.0264      0.040     -0.665      0.506      -0.104       0.052
CRI                        0.0392      0.021      1.903      0.057      -0.001       0.080
CUB                     6.438e-17   3.11e-17      2.069      0.039    3.31e-18    1.25e-16
CYP                    -7.983e-18   4.76e-17     -0.168      0.867   -1.01e-16    8.55e-17
CZE                    -2.915e-17   6.85e-17     -0.426      0.671   -1.64e-16    1.05e-16
DJI                     -1.69e-17   2.37e-17     -0.714      0.475   -6.33e-17    2.95e-17
DMA                     3.523e-17    2.4e-17      1.467      0.143   -1.19e-17    8.23e-17
DOM                        0.0271      0.022      1.216      0.224      -0.017       0.071
DZA                       -0.0076      0.021     -0.363      0.717      -0.049       0.034
ECU                        0.5980      0.055     10.865      0.000       0.490       0.706
EGY                       -0.0200      0.022     -0.920      0.358      -0.063       0.023
ERI                     6.015e-17   3.79e-17      1.586      0.113   -1.43e-17    1.35e-16
ESP                    -6.316e-17   2.77e-17     -2.280      0.023   -1.18e-16    -8.8e-18
EST                    -1.197e-16   2.57e-17     -4.658      0.000    -1.7e-16   -6.93e-17
ETH                        0.0055      0.079      0.069      0.945      -0.150       0.161
FIN                     3.251e-17   2.84e-17      1.145      0.253   -2.32e-17    8.82e-17
FJI                       -0.0059      0.023     -0.261      0.794      -0.050       0.038
FSM                    -2.766e-17   2.93e-17     -0.945      0.345   -8.51e-17    2.98e-17
GAB                    -1.809e-17   2.18e-17     -0.830      0.407   -6.09e-17    2.47e-17
GEO                        0.0083      0.030      0.276      0.783      -0.051       0.068
GHA                        0.0878      0.026      3.317      0.001       0.036       0.140
GIN                    -5.721e-17   1.83e-17     -3.131      0.002   -9.31e-17   -2.14e-17
GMB                        0.0658      0.079      0.834      0.404      -0.089       0.221
GNB                    -3.848e-17   1.21e-17     -3.180      0.002   -6.22e-17   -1.47e-17
GNQ                        0.0655      0.080      0.823      0.411      -0.091       0.222
GRC                     3.805e-17   1.16e-17      3.273      0.001    1.52e-17    6.09e-17
GRD                        0.0313      0.026      1.214      0.225      -0.019       0.082
GTM                        0.0727      0.021      3.384      0.001       0.031       0.115
GUY                     1.766e-17   1.89e-17      0.933      0.351   -1.95e-17    5.48e-17
HKG                    -2.438e-17    1.3e-17     -1.879      0.061   -4.98e-17    1.09e-18
HND                       -0.0300      0.028     -1.054      0.292      -0.086       0.026
HRV                        0.0393      0.028      1.413      0.158      -0.015       0.094
HTI                     3.059e-17   1.28e-17      2.396      0.017    5.54e-18    5.56e-17
HUN                     8.375e-18   1.45e-17      0.577      0.564   -2.01e-17    3.69e-17
IDN                       -0.0347      0.020     -1.751      0.080      -0.074       0.004
IND                        0.0414      0.026      1.576      0.115      -0.010       0.093
IRL                     -2.74e-17   9.29e-18     -2.949      0.003   -4.56e-17   -9.17e-18
IRN                       -0.0197      0.022     -0.878      0.380      -0.064       0.024
IRQ                     1.105e-17   8.64e-18      1.278      0.201   -5.91e-18     2.8e-17
ISL                    -2.293e-17   1.01e-17     -2.272      0.023   -4.27e-17   -3.13e-18
ISR                     2.582e-17   8.39e-18      3.078      0.002    9.36e-18    4.23e-17
JAM                        0.0203      0.024      0.843      0.400      -0.027       0.068
JOR                       -0.0258      0.025     -1.048      0.295      -0.074       0.023
JPN                    -5.528e-18   8.51e-18     -0.649      0.516   -2.22e-17    1.12e-17
KAZ                     6.467e-18   1.06e-17      0.612      0.541   -1.43e-17    2.72e-17
KEN                        0.0372      0.024      1.551      0.121      -0.010       0.084
KGZ                       -0.0366      0.024     -1.548      0.122      -0.083       0.010
KHM                        0.0066      0.033      0.204      0.838      -0.057       0.070
KIR                     1.177e-17   6.67e-18      1.765      0.078   -1.32e-18    2.49e-17
KOR                     2.341e-17   8.45e-18      2.770      0.006    6.83e-18       4e-17
LAO                        0.0620      0.034      1.828      0.068      -0.005       0.129
LBN                       -0.0869      0.048     -1.811      0.070      -0.181       0.007
LBR                     7.531e-19   6.64e-18      0.113      0.910   -1.23e-17    1.38e-17
LCA                     8.158e-19   5.56e-18      0.147      0.883   -1.01e-17    1.17e-17
LKA                       -0.0122      0.021     -0.570      0.569      -0.054       0.030
LSO                       -0.0345      0.057     -0.600      0.549      -0.147       0.078
LTU                     1.181e-17   3.86e-18      3.059      0.002    4.23e-18    1.94e-17
LVA                    -6.426e-18   4.42e-18     -1.454      0.146   -1.51e-17    2.25e-18
MAR                        0.0524      0.019      2.785      0.005       0.015       0.089
MDA                       -0.0292      0.029     -1.005      0.315      -0.086       0.028
MDG                        0.0485      0.026      1.845      0.065      -0.003       0.100
MDV                     4.597e-18    2.3e-18      1.996      0.046    7.83e-20    9.11e-18
MEX                        0.0298      0.030      0.995      0.320      -0.029       0.088
MHL                      9.15e-18   2.79e-18      3.277      0.001    3.67e-18    1.46e-17
MKD                       -0.0032      0.033     -0.096      0.923      -0.068       0.062
MLI                        0.0211      0.030      0.705      0.481      -0.038       0.080
MMR                       -0.0382      0.060     -0.636      0.525      -0.156       0.080
MNE                             0          0        nan        nan           0           0
MNG                        0.0173      0.021      0.806      0.420      -0.025       0.059
MOZ                       -0.0172      0.058     -0.300      0.764      -0.130       0.096
MRT                             0          0        nan        nan           0           0
MUS                       -0.0018      0.021     -0.087      0.930      -0.043       0.039
MWI                             0          0        nan        nan           0           0
MYS                        0.0023      0.035      0.066      0.947      -0.066       0.070
NAM                        0.0123      0.030      0.413      0.680      -0.046       0.071
NER                             0          0        nan        nan           0           0
NGA                       -0.0657      0.030     -2.221      0.027      -0.124      -0.008
NIC                       -0.0125      0.024     -0.521      0.602      -0.060       0.035
NPL                        0.0454      0.029      1.546      0.122      -0.012       0.103
NRU                             0          0        nan        nan           0           0
NZL                             0          0        nan        nan           0           0
OMN                             0          0        nan        nan           0           0
PAK                        0.0183      0.027      0.670      0.503      -0.035       0.072
PAN                        0.0134      0.035      0.382      0.703      -0.056       0.082
PER                       -0.0031      0.019     -0.161      0.872      -0.041       0.035
PHL                       -0.0221      0.018     -1.247      0.213      -0.057       0.013
PLW                             0          0        nan        nan           0           0
PNG                        0.0247      0.025      0.988      0.323      -0.024       0.074
POL                        0.0329      0.032      1.031      0.303      -0.030       0.096
PRK                             0          0        nan        nan           0           0
PRT                             0          0        nan        nan           0           0
PRY                       -0.0251      0.030     -0.849      0.396      -0.083       0.033
PSE                             0          0        nan        nan           0           0
ROU                        0.0222      0.024      0.920      0.358      -0.025       0.070
RUS                        0.0073      0.027      0.267      0.790      -0.046       0.061
RWA                       -0.0033      0.030     -0.112      0.911      -0.062       0.055
SDN                             0          0        nan        nan           0           0
SEN                        0.0210      0.024      0.863      0.388      -0.027       0.069
SGP                             0          0        nan        nan           0           0
SLB                             0          0        nan        nan           0           0
SLE                             0          0        nan        nan           0           0
SLV                        0.0243      0.027      0.908      0.364      -0.028       0.077
SOM                             0          0        nan        nan           0           0
SRB                        0.0100      0.038      0.260      0.795      -0.065       0.085
SSD                             0          0        nan        nan           0           0
STP                             0          0        nan        nan           0           0
SUR                        0.0848      0.038      2.210      0.027       0.010       0.160
SVK                             0          0        nan        nan           0           0
SVN                             0          0        nan        nan           0           0
SWZ                             0          0        nan        nan           0           0
SYC                        0.0326      0.028      1.155      0.248      -0.023       0.088
SYR                             0          0        nan        nan           0           0
TCA                             0          0        nan        nan           0           0
TCD                             0          0        nan        nan           0           0
TGO                       -0.0722      0.030     -2.433      0.015      -0.130      -0.014
THA                       -0.0333      0.029     -1.165      0.244      -0.089       0.023
TJK                       -0.0493      0.044     -1.130      0.259      -0.135       0.036
TKM                             0          0        nan        nan           0           0
TLS                             0          0        nan        nan           0           0
TON                             0          0        nan        nan           0           0
TTO                             0          0        nan        nan           0           0
TUN                       -0.0080      0.020     -0.391      0.696      -0.048       0.032
TUR                        0.0048      0.022      0.216      0.829      -0.039       0.048
TUV                             0          0        nan        nan           0           0
TZA                       -0.1740      0.047     -3.685      0.000      -0.267      -0.081
UGA                       -0.0236      0.029     -0.809      0.419      -0.081       0.034
UKR                       -0.0017      0.031     -0.056      0.955      -0.062       0.059
URY                        0.0241      0.023      1.047      0.296      -0.021       0.069
USA                             0          0        nan        nan           0           0
UZB                             0          0        nan        nan           0           0
VNM                             0          0        nan        nan           0           0
VUT                       -0.0132      0.027     -0.488      0.625      -0.066       0.040
WSM                        0.0201      0.078      0.257      0.798      -0.133       0.174
XKX                             0          0        nan        nan           0           0
YEM                             0          0        nan        nan           0           0
YUG                             0          0        nan        nan           0           0
ZAF                        0.0108      0.022      0.486      0.627      -0.033       0.054
ZMB                       -0.0024      0.027     -0.087      0.931      -0.055       0.051
ZWE                             0          0        nan        nan           0           0
==============================================================================
Omnibus:                      257.829   Durbin-Watson:                   2.001
Prob(Omnibus):                  0.000   Jarque-Bera (JB):            10531.289
Skew:                           0.128   Prob(JB):                         0.00
Kurtosis:                      18.054   Cond. No.                     2.82e+20
==============================================================================

Notes:
[1] Standard Errors assume that the covariance matrix of the errors is correctly specified.
[2] The smallest eigenvalue is 1.45e-30. This might indicate that there are
strong multicollinearity problems or that the design matrix is singular.