                            OLS Regression Results                            
==============================================================================
Dep. Variable:       prior_ner_growth   R-squared:                       0.528
Model:                            OLS   Adj. R-squared:                  0.485
Method:                 Least Squares   F-statistic:                     12.49
Date:                Thu, 15 Jul 2021   Prob (F-statistic):          2.11e-122
Time:                        14:59:25   Log-Likelihood:                 1948.5
No. Observations:                1207   AIC:                            -3697.
Df Residuals:                    1107   BIC:                            -3187.
Df Model:                          99                                         
Covariance Type:            nonrobust                                         
========================================================================================
                           coef    std err          t      P>|t|      [0.025      0.975]
----------------------------------------------------------------------------------------
const                    0.1019      0.042      2.428      0.015       0.020       0.184
mean_pc_last_5           0.0032      0.002      2.080      0.038       0.000       0.006
edu_pupil_teacher        0.0023      0.000      4.545      0.000       0.001       0.003
young_population        -0.0028      0.001     -3.139      0.002      -0.005      -0.001
gdp_pc_ppp           -4.453e-07    1.2e-06     -0.370      0.711   -2.81e-06    1.92e-06
cash_surplus_deficit     0.0014      0.000      3.527      0.000       0.001       0.002
inflation             1.244e-06   2.08e-06      0.598      0.550   -2.84e-06    5.33e-06
trade_share_gdp         -0.0003      0.000     -2.201      0.028      -0.000   -2.82e-05
freedom_house           -0.0085      0.003     -3.137      0.002      -0.014      -0.003
AGO                      0.1652      0.020      8.411      0.000       0.127       0.204
ALB                     -0.0195      0.019     -1.019      0.308      -0.057       0.018
ARG                   1.679e-17   6.75e-17      0.249      0.804   -1.16e-16    1.49e-16
ARM                     -0.0231      0.025     -0.909      0.364      -0.073       0.027
ATG                     -0.0004      0.021     -0.022      0.983      -0.041       0.040
AZE                     -0.0042      0.016     -0.264      0.792      -0.036       0.027
BDI                     -0.0412      0.022     -1.852      0.064      -0.085       0.002
BEN                      0.0904      0.019      4.828      0.000       0.054       0.127
BFA                      0.2294      0.019     12.094      0.000       0.192       0.267
BGD                     -0.0272      0.020     -1.391      0.165      -0.066       0.011
BGR                     -0.0435      0.019     -2.332      0.020      -0.080      -0.007
BIH                  -3.724e-18   3.23e-17     -0.115      0.908   -6.71e-17    5.96e-17
BLR                      0.0010      0.020      0.052      0.958      -0.038       0.040
BLZ                   2.058e-16   6.05e-17      3.400      0.001    8.71e-17    3.25e-16
BOL                     -0.0143      0.018     -0.795      0.427      -0.050       0.021
BRA                     -0.0447      0.017     -2.630      0.009      -0.078      -0.011
BRB                  -7.564e-17   2.69e-17     -2.814      0.005   -1.28e-16   -2.29e-17
BTN                      0.0763      0.014      5.458      0.000       0.049       0.104
BWA                     -0.0361      0.015     -2.384      0.017      -0.066      -0.006
CAF                   -4.84e-17   1.87e-17     -2.592      0.010    -8.5e-17   -1.18e-17
CHL                     -0.0617      0.017     -3.531      0.000      -0.096      -0.027
CHN                  -8.288e-17    2.2e-17     -3.773      0.000   -1.26e-16   -3.98e-17
CIV                      0.0070      0.018      0.391      0.696      -0.028       0.042
CMR                      0.0017      0.020      0.088      0.930      -0.037       0.040
COD                     -0.0415      0.015     -2.697      0.007      -0.072      -0.011
COG                     -0.0296      0.021     -1.415      0.157      -0.071       0.011
COL                     -0.0003      0.015     -0.021      0.984      -0.029       0.029
COM                   4.902e-17   1.69e-17      2.903      0.004    1.59e-17    8.22e-17
CPV                     -0.0395      0.025     -1.605      0.109      -0.088       0.009
CRI                     -0.0125      0.013     -0.939      0.348      -0.039       0.014
CUB                  -1.242e-16   1.69e-17     -7.353      0.000   -1.57e-16   -9.11e-17
CYP                  -4.278e-17   2.25e-17     -1.899      0.058    -8.7e-17    1.41e-18
CZE                  -1.447e-17   2.31e-17     -0.625      0.532   -5.99e-17    3.09e-17
DJI                   1.296e-17   1.87e-17      0.694      0.488   -2.37e-17    4.96e-17
DMA                   9.031e-18   1.44e-17      0.626      0.532   -1.93e-17    3.74e-17
DOM                     -0.0266      0.014     -1.848      0.065      -0.055       0.002
DZA                      0.0202      0.014      1.493      0.136      -0.006       0.047
ECU                     -0.0288      0.023     -1.240      0.215      -0.074       0.017
EGY                      0.0253      0.013      1.970      0.049       0.000       0.051
ERI                  -5.306e-17   1.83e-17     -2.903      0.004   -8.89e-17   -1.72e-17
ESP                  -5.296e-17   2.05e-17     -2.582      0.010   -9.32e-17   -1.27e-17
EST                  -1.002e-16   1.41e-17     -7.101      0.000   -1.28e-16   -7.25e-17
ETH                      0.1347      0.052      2.615      0.009       0.034       0.236
FIN                   1.364e-18   1.92e-17      0.071      0.943   -3.63e-17     3.9e-17
FJI                      0.0075      0.015      0.519      0.604      -0.021       0.036
FSM                  -2.085e-17   1.14e-17     -1.834      0.067   -4.32e-17    1.45e-18
GAB                   5.294e-17   1.01e-17      5.225      0.000    3.31e-17    7.28e-17
GEO                     -0.0252      0.020     -1.277      0.202      -0.064       0.014
GHA                      0.0785      0.017      4.609      0.000       0.045       0.112
GIN                   1.207e-17   1.09e-17      1.111      0.267   -9.24e-18    3.34e-17
GMB                      0.0019      0.051      0.037      0.970      -0.098       0.102
GNB                   1.647e-17   7.74e-18      2.129      0.033    1.29e-18    3.16e-17
GNQ                     -0.2842      0.051     -5.542      0.000      -0.385      -0.184
GRC                   2.911e-17   8.46e-18      3.443      0.001    1.25e-17    4.57e-17
GRD                     -0.0398      0.016     -2.457      0.014      -0.072      -0.008
GTM                      0.0425      0.013      3.265      0.001       0.017       0.068
GUY                   5.437e-18   8.53e-18      0.638      0.524   -1.13e-17    2.22e-17
HKG                  -3.025e-17   6.73e-18     -4.498      0.000   -4.34e-17   -1.71e-17
HND                     -0.0140      0.018     -0.757      0.449      -0.050       0.022
HRV                     -0.0454      0.018     -2.494      0.013      -0.081      -0.010
HTI                   8.066e-18   7.73e-18      1.044      0.297   -7.09e-18    2.32e-17
HUN                  -2.938e-17   7.58e-18     -3.877      0.000   -4.43e-17   -1.45e-17
IDN                     -0.0105      0.013     -0.834      0.404      -0.035       0.014
IND                  -3.894e-05      0.017     -0.002      0.998      -0.034       0.034
IRL                   2.092e-17   6.37e-18      3.285      0.001    8.42e-18    3.34e-17
IRN                      0.0119      0.015      0.813      0.417      -0.017       0.041
IRQ                  -2.304e-17    6.4e-18     -3.603      0.000   -3.56e-17   -1.05e-17
ISL                  -2.932e-18   6.87e-18     -0.427      0.670   -1.64e-17    1.06e-17
ISR                  -2.585e-18   4.53e-18     -0.571      0.568   -1.15e-17     6.3e-18
JAM                     -0.0425      0.015     -2.827      0.005      -0.072      -0.013
JOR                      0.0140      0.016      0.892      0.373      -0.017       0.045
JPN                  -5.935e-17   6.68e-18     -8.883      0.000   -7.25e-17   -4.62e-17
KAZ                   1.605e-17   4.78e-18      3.356      0.001    6.67e-18    2.54e-17
KEN                      0.0514      0.015      3.432      0.001       0.022       0.081
KGZ                      0.0035      0.015      0.227      0.820      -0.026       0.033
KHM                      0.0015      0.021      0.070      0.944      -0.039       0.042
KIR                   3.107e-17   4.48e-18      6.932      0.000    2.23e-17    3.99e-17
KOR                  -1.454e-17   4.41e-18     -3.299      0.001   -2.32e-17   -5.89e-18
LAO                      0.1316      0.022      5.970      0.000       0.088       0.175
LBN                      0.0093      0.031      0.300      0.764      -0.052       0.070
LBR                  -1.026e-17   4.37e-18     -2.345      0.019   -1.88e-17   -1.68e-18
LCA                   2.201e-17   3.41e-18      6.452      0.000    1.53e-17    2.87e-17
LKA                     -0.0320      0.014     -2.310      0.021      -0.059      -0.005
LSO                      0.0307      0.037      0.826      0.409      -0.042       0.104
LTU                  -1.911e-18   2.42e-18     -0.790      0.430   -6.66e-18    2.84e-18
LVA                   -1.57e-17    2.5e-18     -6.268      0.000   -2.06e-17   -1.08e-17
MAR                      0.0913      0.012      7.521      0.000       0.067       0.115
MDA                     -0.0388      0.019     -2.048      0.041      -0.076      -0.002
MDG                      0.0218      0.017      1.277      0.202      -0.012       0.055
MDV                  -3.928e-19   3.38e-19     -1.163      0.245   -1.06e-18     2.7e-19
MEX                     -0.0205      0.019     -1.064      0.288      -0.058       0.017
MHL                   6.891e-18   2.46e-18      2.802      0.005    2.07e-18    1.17e-17
MKD                     -0.0657      0.021     -3.076      0.002      -0.108      -0.024
MLI                      0.0462      0.020      2.365      0.018       0.008       0.085
MMR                     -0.0153      0.039     -0.392      0.695      -0.092       0.061
MNE                           0          0        nan        nan           0           0
MNG                     -0.0082      0.013     -0.622      0.534      -0.034       0.018
MOZ                      0.0843      0.038      2.245      0.025       0.011       0.158
MRT                           0          0        nan        nan           0           0
MUS                     -0.0289      0.013     -2.149      0.032      -0.055      -0.003
MWI                           0          0        nan        nan           0           0
MYS                      0.0426      0.022      1.950      0.051      -0.000       0.085
NAM                     -0.0044      0.019     -0.230      0.818      -0.042       0.034
NER                           0          0        nan        nan           0           0
NGA                     -0.0066      0.019     -0.345      0.730      -0.044       0.031
NIC                      0.0819      0.016      5.213      0.000       0.051       0.113
NPL                      0.1213      0.019      6.418      0.000       0.084       0.158
NRU                           0          0        nan        nan           0           0
NZL                           0          0        nan        nan           0           0
OMN                           0          0        nan        nan           0           0
PAK                      0.0071      0.013      0.561      0.575      -0.018       0.032
PAN                      0.0236      0.018      1.326      0.185      -0.011       0.058
PER                      0.0046      0.012      0.380      0.704      -0.019       0.028
PHL                     -0.0334      0.011     -2.923      0.004      -0.056      -0.011
PLW                           0          0        nan        nan           0           0
PNG                     -0.0137      0.016     -0.852      0.395      -0.045       0.018
POL                     -0.0439      0.021     -2.063      0.039      -0.086      -0.002
PRK                           0          0        nan        nan           0           0
PRT                           0          0        nan        nan           0           0
PRY                     -0.0710      0.019     -3.697      0.000      -0.109      -0.033
PSE                           0          0        nan        nan           0           0
ROU                     -0.0256      0.016     -1.559      0.119      -0.058       0.007
RUS                     -0.0270      0.019     -1.389      0.165      -0.065       0.011
RWA                     -0.0486      0.019     -2.623      0.009      -0.085      -0.012
SDN                           0          0        nan        nan           0           0
SEN                      0.0993      0.016      6.136      0.000       0.068       0.131
SGP                           0          0        nan        nan           0           0
SLB                           0          0        nan        nan           0           0
SLE                           0          0        nan        nan           0           0
SLV                     -0.0079      0.017     -0.458      0.647      -0.042       0.026
SOM                           0          0        nan        nan           0           0
SRB                     -0.0708      0.025     -2.836      0.005      -0.120      -0.022
SSD                           0          0        nan        nan           0           0
STP                           0          0        nan        nan           0           0
SUR                      0.0036      0.025      0.144      0.885      -0.045       0.052
SVK                           0          0        nan        nan           0           0
SVN                           0          0        nan        nan           0           0
SWZ                           0          0        nan        nan           0           0
SYC                      0.0225      0.018      1.267      0.205      -0.012       0.057
SYR                           0          0        nan        nan           0           0
TCA                           0          0        nan        nan           0           0
TCD                           0          0        nan        nan           0           0
TGO                      0.0084      0.019      0.434      0.664      -0.030       0.046
THA                     -0.0126      0.014     -0.908      0.364      -0.040       0.015
TJK                      0.0513      0.028      1.829      0.068      -0.004       0.106
TKM                           0          0        nan        nan           0           0
TLS                           0          0        nan        nan           0           0
TON                           0          0        nan        nan           0           0
TTO                           0          0        nan        nan           0           0
TUN                      0.0056      0.013      0.432      0.666      -0.020       0.031
TUR                     -0.0124      0.014     -0.870      0.384      -0.040       0.016
TUV                           0          0        nan        nan           0           0
TZA                     -0.0369      0.031     -1.205      0.228      -0.097       0.023
UGA                     -0.0285      0.019     -1.522      0.128      -0.065       0.008
UKR                     -0.0379      0.021     -1.814      0.070      -0.079       0.003
URY                     -0.0363      0.015     -2.446      0.015      -0.065      -0.007
USA                           0          0        nan        nan           0           0
UZB                           0          0        nan        nan           0           0
VNM                           0          0        nan        nan           0           0
VUT                     -0.0291      0.015     -1.923      0.055      -0.059       0.001
WSM                     -0.0262      0.051     -0.519      0.604      -0.125       0.073
XKX                           0          0        nan        nan           0           0
YEM                           0          0        nan        nan           0           0
YUG                           0          0        nan        nan           0           0
ZAF                     -0.0505      0.013     -3.943      0.000      -0.076      -0.025
ZMB                      0.0401      0.018      2.253      0.024       0.005       0.075
ZWE                           0          0        nan        nan           0           0
==============================================================================
Omnibus:                      306.927   Durbin-Watson:                   2.040
Prob(Omnibus):                  0.000   Jarque-Bera (JB):             7932.264
Skew:                           0.562   Prob(JB):                         0.00
Kurtosis:                      15.508   Cond. No.                     5.87e+20
==============================================================================

Notes:
[1] Standard Errors assume that the covariance matrix of the errors is correctly specified.
[2] The smallest eigenvalue is 3.62e-31. This might indicate that there are
strong multicollinearity problems or that the design matrix is singular.