                            OLS Regression Results                            
==============================================================================
Dep. Variable:        access_san_pavg   R-squared:                       0.959
Model:                            OLS   Adj. R-squared:                  0.953
Method:                 Least Squares   F-statistic:                     177.3
Date:                Wed, 18 Aug 2021   Prob (F-statistic):               0.00
Time:                        14:35:37   Log-Likelihood:                 445.13
No. Observations:                 859   AIC:                            -690.3
Df Residuals:                     759   BIC:                            -214.7
Df Model:                          99                                         
Covariance Type:            nonrobust                                         
==================================================================================================
                                     coef    std err          t      P>|t|      [0.025      0.975]
--------------------------------------------------------------------------------------------------
const                              4.5232      0.758      5.965      0.000       3.035       6.012
adult_literacy_pavg                0.0012      0.003      0.426      0.670      -0.004       0.007
log_gdp_pc                        -0.1855      0.070     -2.631      0.009      -0.324      -0.047
health_share_gov_exp_pavg_lag1    -0.0023      0.004     -0.620      0.535      -0.010       0.005
young_population                  -0.0128      0.006     -2.023      0.043      -0.025      -0.000
conflict                          -0.0053      0.034     -0.158      0.874      -0.071       0.061
freedom_house                     -0.0086      0.015     -0.573      0.567      -0.038       0.021
access_water_pavg_lag5             0.0240      0.003      9.478      0.000       0.019       0.029
wash_aid                           0.0184      0.007      2.798      0.005       0.005       0.031
AGO                                0.2825      0.204      1.383      0.167      -0.118       0.683
ALB                               -0.4109      0.248     -1.656      0.098      -0.898       0.076
ARM                               -0.3430      0.257     -1.335      0.182      -0.847       0.161
AZE                               -0.0528      0.252     -0.209      0.834      -0.548       0.443
BDI                               -0.5416      0.207     -2.619      0.009      -0.948      -0.136
BEN                               -1.4025      0.183     -7.679      0.000      -1.761      -1.044
BFA                               -1.2994      0.181     -7.177      0.000      -1.655      -0.944
BGD                               -0.5018      0.195     -2.574      0.010      -0.884      -0.119
BGR                             4.975e-15   3.09e-15      1.611      0.108   -1.09e-15     1.1e-14
BIH                               -0.4084      0.259     -1.575      0.116      -0.917       0.101
BLR                               -0.2999      0.274     -1.095      0.274      -0.838       0.238
BLZ                                0.1114      0.223      0.499      0.618      -0.327       0.549
BOL                               -0.6179      0.225     -2.751      0.006      -1.059      -0.177
BTN                               -0.7459      0.190     -3.930      0.000      -1.119      -0.373
BWA                            -1.839e-14   1.21e-15    -15.154      0.000   -2.08e-14    -1.6e-14
CAF                               -1.1572      0.190     -6.096      0.000      -1.530      -0.785
CHL                             1.369e-14   9.74e-16     14.044      0.000    1.18e-14    1.56e-14
CHN                               -0.3528      0.249     -1.415      0.158      -0.842       0.137
CIV                               -1.2789      0.182     -7.027      0.000      -1.636      -0.922
CMR                               -0.1222      0.192     -0.636      0.525      -0.499       0.255
COD                               -0.5858      0.205     -2.860      0.004      -0.988      -0.184
COG                               -1.3653      0.211     -6.484      0.000      -1.779      -0.952
COL                               -0.2191      0.234     -0.934      0.350      -0.679       0.241
COM                               -1.3190      0.204     -6.452      0.000      -1.720      -0.918
CPV                               -0.5458      0.219     -2.488      0.013      -0.977      -0.115
CRI                            -7.224e-15   1.04e-15     -6.946      0.000   -9.27e-15   -5.18e-15
DMA                             9.156e-15   9.82e-16      9.325      0.000    7.23e-15    1.11e-14
DOM                               -0.1339      0.238     -0.563      0.574      -0.601       0.333
DZA                               -0.1437      0.222     -0.647      0.518      -0.580       0.292
ECU                               -0.0293      0.233     -0.126      0.900      -0.486       0.428
EGY                               -0.1722      0.199     -0.865      0.387      -0.563       0.218
ETH                               -0.6722      0.174     -3.873      0.000      -1.013      -0.331
FJI                             1.536e-14   1.37e-15     11.174      0.000    1.27e-14    1.81e-14
FSM                              3.85e-16   1.14e-15      0.338      0.736   -1.85e-15    2.62e-15
GEO                               -0.2177      0.263     -0.828      0.408      -0.734       0.299
GHA                               -1.7160      0.196     -8.754      0.000      -2.101      -1.331
GIN                               -1.2662      0.177     -7.169      0.000      -1.613      -0.919
GMB                               -0.3436      0.194     -1.770      0.077      -0.725       0.037
GNB                               -1.0260      0.175     -5.863      0.000      -1.370      -0.682
GNQ                            -1.465e-14   8.84e-16    -16.579      0.000   -1.64e-14   -1.29e-14
GRD                             1.398e-15   1.57e-15      0.888      0.375   -1.69e-15    4.49e-15
GTM                               -0.2523      0.204     -1.237      0.217      -0.653       0.148
GUY                               -0.1473      0.243     -0.606      0.545      -0.625       0.330
HND                               -0.1468      0.214     -0.685      0.494      -0.568       0.274
HTI                               -0.8409      0.182     -4.624      0.000      -1.198      -0.484
IDN                               -0.4140      0.232     -1.783      0.075      -0.870       0.042
IND                               -1.0955      0.203     -5.402      0.000      -1.494      -0.697
IRN                            -2.934e-15   1.22e-15     -2.397      0.017   -5.34e-15   -5.32e-16
IRQ                                0.1350      0.206      0.654      0.513      -0.270       0.540
JAM                               -0.2973      0.222     -1.337      0.182      -0.734       0.139
JOR                               -0.0832      0.272     -0.306      0.760      -0.617       0.451
KAZ                             3.318e-15   1.34e-15      2.473      0.014    6.85e-16    5.95e-15
KEN                               -0.3615      0.207     -1.746      0.081      -0.768       0.045
KGZ                                0.0712      0.246      0.289      0.773      -0.412       0.555
KHM                               -0.4400      0.210     -2.093      0.037      -0.853      -0.027
KIR                             1.165e-14   1.12e-15     10.360      0.000    9.44e-15    1.39e-14
LAO                                0.1262      0.194      0.649      0.516      -0.255       0.508
LBN                             2.047e-14   1.12e-15     18.320      0.000    1.83e-14    2.27e-14
LBR                               -1.4357      0.194     -7.410      0.000      -1.816      -1.055
LKA                                0.0120      0.231      0.052      0.959      -0.442       0.466
LSO                               -1.3370      0.230     -5.825      0.000      -1.788      -0.886
MAR                               -0.1715      0.187     -0.919      0.358      -0.538       0.195
MDA                               -0.3748      0.259     -1.444      0.149      -0.884       0.135
MDG                               -1.0825      0.193     -5.595      0.000      -1.462      -0.703
MHL                            -8.638e-15   5.03e-16    -17.176      0.000   -9.62e-15   -7.65e-15
MKD                               -0.4344      0.264     -1.643      0.101      -0.954       0.085
MLI                               -0.5676      0.175     -3.249      0.001      -0.911      -0.225
MMR                               -0.0454      0.263     -0.172      0.863      -0.563       0.472
MNG                                0.0353      0.255      0.138      0.890      -0.466       0.537
MOZ                               -0.8893      0.187     -4.763      0.000      -1.256      -0.523
MRT                               -0.0425      0.176     -0.241      0.809      -0.388       0.303
MUS                             1.159e-14   1.76e-15      6.588      0.000    8.13e-15     1.5e-14
MWI                               -0.5477      0.207     -2.642      0.008      -0.955      -0.141
NAM                               -0.8334      0.219     -3.813      0.000      -1.263      -0.404
NER                               -1.5572      0.178     -8.741      0.000      -1.907      -1.207
NGA                               -0.0929      0.182     -0.509      0.611      -0.451       0.265
NIC                               -0.3231      0.209     -1.547      0.122      -0.733       0.087
NPL                               -1.0834      0.191     -5.665      0.000      -1.459      -0.708
PAK                               -0.7536      0.191     -3.949      0.000      -1.128      -0.379
PER                               -0.1630      0.226     -0.721      0.471      -0.607       0.281
PHL                               -0.3629      0.236     -1.536      0.125      -0.827       0.101
PNG                               -0.4027      0.192     -2.099      0.036      -0.779      -0.026
PRY                                0.2659      0.235      1.133      0.258      -0.195       0.727
RWA                               -0.2899      0.202     -1.435      0.152      -0.687       0.107
SDN                               -0.7415      0.177     -4.201      0.000      -1.088      -0.395
SEN                               -0.3491      0.182     -1.921      0.055      -0.706       0.008
SLB                               -1.1237      0.220     -5.109      0.000      -1.556      -0.692
SLE                               -1.2381      0.181     -6.851      0.000      -1.593      -0.883
SLV                               -0.1681      0.217     -0.775      0.438      -0.594       0.257
SRB                            -6.893e-15   3.88e-15     -1.778      0.076   -1.45e-14    7.17e-16
STP                               -1.1482      0.218     -5.261      0.000      -1.577      -0.720
SWZ                                0.4472      0.218      2.056      0.040       0.020       0.874
TCD                               -1.1936      0.170     -7.030      0.000      -1.527      -0.860
TGO                               -1.4645      0.188     -7.782      0.000      -1.834      -1.095
THA                             4.503e-15   4.01e-15      1.122      0.262   -3.38e-15    1.24e-14
TJK                                0.4456      0.254      1.755      0.080      -0.053       0.944
TKM                               -0.0677      0.246     -0.276      0.783      -0.550       0.414
TON                               -0.3362      0.247     -1.362      0.174      -0.821       0.149
TUN                               -0.2130      0.215     -0.990      0.323      -0.636       0.210
TZA                               -1.4823      0.198     -7.499      0.000      -1.870      -1.094
UGA                               -1.0133      0.196     -5.183      0.000      -1.397      -0.630
UKR                               -0.3968      0.277     -1.434      0.152      -0.940       0.146
UZB                               -0.1551      0.249     -0.623      0.534      -0.644       0.334
VNM                               -0.4717      0.239     -1.971      0.049      -0.942      -0.002
VUT                               -0.4441      0.215     -2.064      0.039      -0.866      -0.022
WSM                               -0.1881      0.249     -0.754      0.451      -0.677       0.301
ZAF                             1.797e-18   2.57e-18      0.700      0.484   -3.24e-18    6.83e-18
ZMB                               -0.0125      0.193     -0.065      0.948      -0.391       0.366
ZWE                               -0.7631      0.262     -2.909      0.004      -1.278      -0.248
==============================================================================
Omnibus:                     1936.176   Durbin-Watson:                   1.819
Prob(Omnibus):                  0.000   Jarque-Bera (JB):          8860493.162
Skew:                         -19.319   Prob(JB):                         0.00
Kurtosis:                     499.049   Cond. No.                     5.66e+19
==============================================================================

Notes:
[1] Standard Errors assume that the covariance matrix of the errors is correctly specified.
[2] The smallest eigenvalue is 3.11e-33. This might indicate that there are
strong multicollinearity problems or that the design matrix is singular.