                            OLS Regression Results                            
==============================================================================
Dep. Variable:      access_water_pavg   R-squared:                       0.780
Model:                            OLS   Adj. R-squared:                  0.751
Method:                 Least Squares   F-statistic:                     26.85
Date:                Wed, 18 Aug 2021   Prob (F-statistic):          6.59e-190
Time:                        14:35:37   Log-Likelihood:                 490.94
No. Observations:                 857   AIC:                            -779.9
Df Residuals:                     756   BIC:                            -299.8
Df Model:                         100                                         
Covariance Type:            nonrobust                                         
==================================================================================================
                                     coef    std err          t      P>|t|      [0.025      0.975]
--------------------------------------------------------------------------------------------------
const                              2.7397      0.726      3.775      0.000       1.315       4.164
adult_literacy_pavg                0.0034      0.003      1.241      0.215      -0.002       0.009
log_gdp_pc                        -0.0472      0.064     -0.744      0.457      -0.172       0.077
health_share_gov_exp_pavg_lag1     0.0029      0.004      0.809      0.419      -0.004       0.010
young_population                   0.0170      0.007      2.409      0.016       0.003       0.031
conflict                          -0.0165      0.032     -0.516      0.606      -0.079       0.046
freedom_house                      0.0067      0.014      0.469      0.639      -0.021       0.035
access_san_pavg_lag5               0.0199      0.003      6.263      0.000       0.014       0.026
wash_satisfactory_proj            -0.0075      0.021     -0.359      0.720      -0.048       0.033
wash_max_proj_5yr                  0.0053      0.006      0.884      0.377      -0.006       0.017
wash_aid                           0.0229      0.006      3.674      0.000       0.011       0.035
AGO                               -0.0851      0.192     -0.443      0.658      -0.462       0.292
ALB                               -0.1865      0.238     -0.785      0.433      -0.653       0.280
ARM                               -0.2490      0.247     -1.009      0.313      -0.734       0.236
AZE                               -0.0485      0.239     -0.203      0.839      -0.517       0.420
BDI                                0.0276      0.185      0.150      0.881      -0.335       0.390
BEN                                0.7764      0.176      4.400      0.000       0.430       1.123
BFA                                0.7012      0.167      4.188      0.000       0.373       1.030
BGD                                0.4111      0.177      2.322      0.021       0.063       0.759
BGR                            -4.189e-15   4.11e-15     -1.018      0.309   -1.23e-14    3.89e-15
BIH                               -0.2596      0.250     -1.037      0.300      -0.751       0.232
BLR                               -0.0598      0.262     -0.228      0.820      -0.575       0.456
BLZ                               -0.3891      0.230     -1.690      0.091      -0.841       0.063
BOL                                0.4259      0.222      1.918      0.055      -0.010       0.862
BTN                                0.8414      0.189      4.455      0.000       0.471       1.212
BWA                             -6.33e-15   1.69e-15     -3.752      0.000   -9.64e-15   -3.02e-15
CAF                                0.5466      0.175      3.124      0.002       0.203       0.890
CHL                             -1.77e-15   2.35e-15     -0.753      0.452   -6.38e-15    2.84e-15
CHN                                0.3209      0.244      1.314      0.189      -0.159       0.800
CIV                                0.8255      0.173      4.764      0.000       0.485       1.166
CMR                                0.0296      0.183      0.162      0.871      -0.329       0.388
COD                                0.0515      0.196      0.263      0.792      -0.333       0.436
COG                                0.8706      0.228      3.820      0.000       0.423       1.318
COL                               -0.0756      0.224     -0.337      0.736      -0.516       0.364
COM                                0.7384      0.183      4.044      0.000       0.380       1.097
CPV                                0.3638      0.211      1.728      0.084      -0.049       0.777
CRI                             1.989e-15   1.67e-15      1.190      0.234   -1.29e-15    5.27e-15
DMA                            -7.575e-15   1.92e-15     -3.953      0.000   -1.13e-14   -3.81e-15
DOM                               -0.2124      0.230     -0.922      0.357      -0.665       0.240
DZA                               -0.2152      0.221     -0.975      0.330      -0.649       0.218
ECU                               -0.1160      0.221     -0.524      0.600      -0.550       0.318
EGY                               -0.1568      0.199     -0.787      0.432      -0.548       0.234
ETH                                0.0885      0.173      0.511      0.610      -0.252       0.428
FJI                            -1.151e-14   2.56e-15     -4.492      0.000   -1.65e-14   -6.48e-15
FSM                             6.848e-17   1.57e-15      0.044      0.965   -3.02e-15    3.16e-15
GEO                               -0.3065      0.255     -1.204      0.229      -0.807       0.193
GHA                                0.8518      0.212      4.015      0.000       0.435       1.268
GIN                                0.6848      0.164      4.183      0.000       0.363       1.006
GMB                               -0.0372      0.186     -0.201      0.841      -0.401       0.327
GNB                                0.5503      0.176      3.129      0.002       0.205       0.896
GNQ                             1.002e-15   8.85e-16      1.132      0.258   -7.36e-16    2.74e-15
GRD                             6.539e-15   1.35e-15      4.836      0.000    3.88e-15    9.19e-15
GTM                                0.1375      0.193      0.711      0.477      -0.242       0.517
GUY                               -0.2398      0.237     -1.012      0.312      -0.705       0.226
HND                               -0.1099      0.206     -0.532      0.595      -0.515       0.295
HTI                                0.5094      0.187      2.726      0.007       0.143       0.876
IDN                                0.4188      0.230      1.819      0.069      -0.033       0.871
IND                                0.8833      0.209      4.227      0.000       0.473       1.294
IRN                             3.496e-15   1.58e-15      2.210      0.027     3.9e-16     6.6e-15
IRQ                               -0.3749      0.213     -1.758      0.079      -0.794       0.044
JAM                               -0.1465      0.215     -0.681      0.496      -0.569       0.276
JOR                               -0.7112      0.291     -2.444      0.015      -1.283      -0.140
KAZ                            -2.225e-15   1.21e-15     -1.844      0.066   -4.59e-15    1.44e-16
KEN                                0.1103      0.201      0.550      0.583      -0.284       0.504
KGZ                               -0.6110      0.252     -2.421      0.016      -1.106      -0.115
KHM                                0.3769      0.222      1.699      0.090      -0.058       0.812
KIR                             -5.27e-15   1.36e-15     -3.877      0.000   -7.94e-15    -2.6e-15
LAO                                0.1601      0.189      0.846      0.398      -0.212       0.532
LBN                            -3.761e-15   1.58e-15     -2.386      0.017   -6.86e-15   -6.67e-16
LBR                                0.7017      0.185      3.793      0.000       0.339       1.065
LKA                               -0.2098      0.223     -0.941      0.347      -0.648       0.228
LSO                                0.5909      0.228      2.593      0.010       0.144       1.038
MAR                                0.1007      0.178      0.567      0.571      -0.248       0.449
MDA                                0.0710      0.248      0.286      0.775      -0.416       0.558
MDG                                0.1588      0.198      0.800      0.424      -0.231       0.548
MHL                            -6.413e-15   2.59e-15     -2.479      0.013   -1.15e-14   -1.33e-15
MKD                             -2.21e-15   2.15e-15     -1.027      0.305   -6.43e-15    2.01e-15
MLI                                0.3704      0.166      2.232      0.026       0.045       0.696
MMR                               -0.0601      0.250     -0.241      0.810      -0.551       0.430
MNG                               -0.0158      0.242     -0.065      0.948      -0.492       0.460
MOZ                                0.1388      0.183      0.758      0.449      -0.221       0.498
MRT                                0.1598      0.174      0.917      0.359      -0.182       0.502
MUS                            -2.762e-15    1.2e-15     -2.304      0.021   -5.12e-15   -4.09e-16
MWI                                0.1460      0.191      0.766      0.444      -0.228       0.520
NAM                                0.5965      0.221      2.698      0.007       0.162       1.031
NER                                0.3835      0.170      2.258      0.024       0.050       0.717
NGA                                0.1247      0.175      0.714      0.475      -0.218       0.468
NIC                                0.0847      0.197      0.430      0.667      -0.302       0.471
NPL                                0.8052      0.184      4.382      0.000       0.444       1.166
PAK                                0.6486      0.164      3.965      0.000       0.327       0.970
PER                                0.0189      0.215      0.088      0.930      -0.402       0.440
PHL                                0.0079      0.224      0.035      0.972      -0.432       0.447
PNG                                0.0070      0.192      0.037      0.971      -0.370       0.384
PRY                               -0.1036      0.223     -0.465      0.642      -0.541       0.334
RWA                               -0.0437      0.189     -0.231      0.817      -0.414       0.327
SDN                                0.2642      0.171      1.545      0.123      -0.071       0.600
SEN                                0.1695      0.166      1.021      0.307      -0.156       0.495
SLB                                0.5524      0.208      2.661      0.008       0.145       0.960
SLE                                0.4897      0.179      2.730      0.006       0.138       0.842
SLV                                0.0508      0.207      0.245      0.806      -0.356       0.458
SRB                             7.006e-17    2.1e-17      3.340      0.001    2.89e-17    1.11e-16
STP                                0.6312      0.214      2.954      0.003       0.212       1.051
SWZ                               -0.2464      0.201     -1.225      0.221      -0.641       0.148
TCD                                0.3000      0.164      1.833      0.067      -0.021       0.621
TGO                                0.4864      0.192      2.533      0.011       0.109       0.863
THA                            -5.815e-17   1.03e-17     -5.645      0.000   -7.84e-17   -3.79e-17
TJK                               -0.9812      0.270     -3.629      0.000      -1.512      -0.450
TKM                               -0.6485      0.228     -2.842      0.005      -1.096      -0.201
TON                               -0.6150      0.258     -2.379      0.018      -1.122      -0.108
TUN                               -0.1352      0.207     -0.652      0.515      -0.542       0.272
TZA                                0.4271      0.206      2.070      0.039       0.022       0.832
UGA                                0.3302      0.190      1.735      0.083      -0.043       0.704
UKR                               -0.1397      0.265     -0.528      0.598      -0.659       0.380
UZB                               -0.5504      0.252     -2.181      0.029      -1.046      -0.055
VNM                                0.1788      0.229      0.780      0.435      -0.271       0.629
VUT                                0.3349      0.203      1.646      0.100      -0.064       0.734
WSM                               -0.6579      0.263     -2.499      0.013      -1.175      -0.141
ZAF                             1.886e-17   9.73e-18      1.939      0.053   -2.35e-19     3.8e-17
ZMB                               -0.1890      0.185     -1.024      0.306      -0.551       0.173
ZWE                                0.1993      0.245      0.812      0.417      -0.283       0.681
==============================================================================
Omnibus:                     2003.243   Durbin-Watson:                   1.931
Prob(Omnibus):                  0.000   Jarque-Bera (JB):         11194809.510
Skew:                         -21.030   Prob(JB):                         0.00
Kurtosis:                     561.335   Cond. No.                     2.15e+19
==============================================================================

Notes:
[1] Standard Errors assume that the covariance matrix of the errors is correctly specified.
[2] The smallest eigenvalue is 1.65e-32. This might indicate that there are
strong multicollinearity problems or that the design matrix is singular.