                            OLS Regression Results                            
==============================================================================
Dep. Variable:         edu_ner_pavg_5   R-squared:                       0.575
Model:                            OLS   Adj. R-squared:                  0.512
Method:                 Least Squares   F-statistic:                     9.056
Date:                Thu, 23 Sep 2021   Prob (F-statistic):           2.92e-64
Time:                        15:50:00   Log-Likelihood:                -821.52
No. Observations:                 662   AIC:                             1817.
Df Residuals:                     575   BIC:                             2208.
Df Model:                          86                                         
Covariance Type:            nonrobust                                         
==========================================================================================
                             coef    std err          t      P>|t|      [0.025      0.975]
------------------------------------------------------------------------------------------
education_max_proj_5yr     0.0165      0.035      0.470      0.638      -0.052       0.085
edu_pupil_teacher          0.0169      0.014      1.228      0.220      -0.010       0.044
young_population          -0.0806      0.029     -2.829      0.005      -0.137      -0.025
gdp_pc_ppp                 0.0001    3.7e-05      2.802      0.005     3.1e-05       0.000
cash_surplus_deficit       0.0134      0.013      1.003      0.316      -0.013       0.040
inflation                  0.0074      0.002      4.864      0.000       0.004       0.010
trade_share_gdp            0.0005      0.004      0.128      0.898      -0.007       0.008
freedom_house              0.1213      0.074      1.646      0.100      -0.023       0.266
mean_pc_last_5_wb         -0.0148      0.017     -0.846      0.398      -0.049       0.020
AGO                    -5.522e-13   4.47e-13     -1.236      0.217   -1.43e-12    3.25e-13
ALB                        4.1518      1.115      3.724      0.000       1.962       6.342
ARG                    -5.679e-14   3.94e-14     -1.441      0.150   -1.34e-13    2.06e-14
ARM                        4.2255      1.064      3.971      0.000       2.136       6.316
AZE                        4.4645      1.102      4.050      0.000       2.300       6.629
BDI                     -1.94e-13   1.36e-13     -1.430      0.153    -4.6e-13    7.25e-14
BEN                        6.3781      1.412      4.518      0.000       3.606       9.150
BFA                        6.1213      1.367      4.477      0.000       3.436       8.807
BGD                        5.6910      1.097      5.189      0.000       3.537       7.845
BGR                        3.7343      0.989      3.775      0.000       1.791       5.677
BIH                     9.147e-14   2.22e-14      4.119      0.000    4.79e-14    1.35e-13
BLZ                    -1.246e-14   1.45e-14     -0.858      0.391    -4.1e-14    1.61e-14
BOL                        6.2788      1.288      4.875      0.000       3.749       8.809
BRA                        4.6383      1.188      3.903      0.000       2.304       6.973
BTN                        5.2381      1.275      4.108      0.000       2.733       7.743
CAF                        5.5106      1.571      3.507      0.000       2.424       8.597
CHL                        0.7608      1.343      0.566      0.571      -1.878       3.400
CHN                     1.099e-14   1.92e-15      5.716      0.000    7.22e-15    1.48e-14
CIV                        5.7157      1.437      3.976      0.000       2.892       8.539
CMR                        5.9669      1.630      3.661      0.000       2.766       9.168
COD                        2.1972      1.430      1.536      0.125      -0.612       5.006
COG                        4.9733      1.486      3.347      0.001       2.055       7.892
COL                        4.9345      1.199      4.114      0.000       2.579       7.290
COM                     6.001e-14   1.24e-14      4.840      0.000    3.57e-14    8.44e-14
CPV                    -8.469e-14   1.74e-14     -4.855      0.000   -1.19e-13   -5.04e-14
CRI                        4.6483      1.311      3.544      0.000       2.072       7.224
DJI                     1.777e-14   3.64e-15      4.879      0.000    1.06e-14    2.49e-14
DMA                    -3.145e-14   6.31e-15     -4.982      0.000   -4.38e-14    -1.9e-14
DOM                        4.7647      1.286      3.705      0.000       2.239       7.290
DZA                        5.4003      1.372      3.935      0.000       2.705       8.095
ECU                    -1.131e-14   2.31e-15     -4.896      0.000   -1.59e-14   -6.78e-15
EGY                        5.3087      1.285      4.133      0.000       2.786       7.832
ERI                    -4.473e-15   9.79e-16     -4.567      0.000    -6.4e-15   -2.55e-15
ETH                        5.7364      1.637      3.504      0.000       2.521       8.952
GEO                        4.5244      0.902      5.015      0.000       2.752       6.296
GHA                        6.1302      1.330      4.609      0.000       3.518       8.743
GIN                    -3.762e-16   3.16e-16     -1.192      0.234   -9.96e-16    2.44e-16
GMB                     3.039e-16   1.86e-16      1.637      0.102   -6.07e-17    6.69e-16
GNB                    -8.139e-16   2.21e-16     -3.691      0.000   -1.25e-15   -3.81e-16
GRD                        4.9440      1.255      3.940      0.000       2.480       7.408
GTM                        6.0996      1.380      4.419      0.000       3.388       8.811
GUY                     7.548e-16   3.15e-16      2.394      0.017    1.36e-16    1.37e-15
HND                        6.1041      1.368      4.461      0.000       3.417       8.791
HRV                        2.6368      1.388      1.900      0.058      -0.089       5.363
HTI                    -3.513e-16   1.89e-16     -1.862      0.063   -7.22e-16    1.92e-17
IDN                        5.3746      1.075      4.998      0.000       3.263       7.487
IND                        5.6402      1.098      5.138      0.000       3.484       7.796
IRQ                    -4.427e-16   1.61e-16     -2.755      0.006   -7.58e-16   -1.27e-16
JAM                        5.0053      1.233      4.058      0.000       2.583       7.428
JOR                        4.7061      1.513      3.110      0.002       1.734       7.678
KAZ                    -2.484e-16   1.39e-16     -1.781      0.075   -5.22e-16    2.55e-17
KEN                        5.8164      1.360      4.276      0.000       3.145       8.488
KGZ                        5.4081      1.176      4.598      0.000       3.098       7.718
KHM                        5.5787      1.309      4.263      0.000       3.008       8.149
LAO                        5.5854      1.349      4.141      0.000       2.936       8.235
LBN                       -0.6331      1.664     -0.380      0.704      -3.902       2.636
LBR                     2.657e-16   1.86e-16      1.428      0.154   -9.99e-17    6.31e-16
LCA                      2.39e-16    1.2e-16      1.989      0.047    2.95e-18    4.75e-16
LKA                        3.8728      1.034      3.746      0.000       1.842       5.903
LSO                        5.9725      1.408      4.243      0.000       3.208       8.737
MAR                        5.3276      1.094      4.869      0.000       3.178       7.477
MDA                        3.8767      0.964      4.023      0.000       1.984       5.770
MDG                        4.9280      1.336      3.689      0.000       2.304       7.552
MDV                        4.8365      1.571      3.078      0.002       1.750       7.923
MEX                        4.6098      1.536      3.002      0.003       1.594       7.626
MKD                        4.0316      1.106      3.645      0.000       1.859       6.204
MLI                        6.2544      1.429      4.376      0.000       3.447       9.062
MNG                        4.9760      1.178      4.223      0.000       2.661       7.291
MOZ                        6.5881      1.510      4.362      0.000       3.621       9.555
MRT                     7.363e-17   9.23e-17      0.798      0.425   -1.08e-16    2.55e-16
MUS                        4.9385      1.251      3.947      0.000       2.481       7.396
MWI                    -1.937e-17   9.24e-17     -0.210      0.834   -2.01e-16    1.62e-16
MYS                        4.6316      1.681      2.755      0.006       1.330       7.933
NAM                        5.7047      1.498      3.809      0.000       2.763       8.646
NER                    -6.576e-17   5.49e-17     -1.198      0.231   -1.74e-16     4.2e-17
NGA                        6.0150      1.354      4.443      0.000       3.356       8.674
NIC                        5.8848      1.237      4.758      0.000       3.456       8.314
NPL                        6.0217      1.166      5.167      0.000       3.732       8.311
PAK                        3.8797      1.278      3.037      0.002       1.370       6.389
PAN                        4.9488      1.502      3.294      0.001       1.998       7.900
PER                        5.5927      1.168      4.787      0.000       3.298       7.888
PHL                        6.0307      1.243      4.852      0.000       3.590       8.472
PNG                        1.8689      1.380      1.354      0.176      -0.841       4.579
POL                             0          0        nan        nan           0           0
PRY                        5.4514      1.329      4.103      0.000       2.842       8.061
ROU                        3.5774      1.044      3.426      0.001       1.527       5.628
RUS                        2.7718      1.138      2.436      0.015       0.537       5.006
RWA                        4.0190      1.327      3.030      0.003       1.414       6.625
SDN                             0          0        nan        nan           0           0
SEN                        6.2687      1.357      4.620      0.000       3.604       8.933
SLB                             0          0        nan        nan           0           0
SLE                             0          0        nan        nan           0           0
SLV                        5.5510      1.235      4.495      0.000       3.125       7.977
SOM                             0          0        nan        nan           0           0
SRB                        3.8166      1.119      3.409      0.001       1.618       6.015
SYR                             0          0        nan        nan           0           0
TCD                             0          0        nan        nan           0           0
TGO                        6.4667      1.596      4.053      0.000       3.333       9.601
THA                        1.3546      1.135      1.193      0.233      -0.875       3.584
TJK                        6.4184      1.397      4.595      0.000       3.675       9.162
TON                             0          0        nan        nan           0           0
TTO                             0          0        nan        nan           0           0
TUN                        4.8339      1.155      4.187      0.000       2.566       7.102
TUR                        4.0665      1.386      2.935      0.003       1.345       6.788
TZA                        6.6414      1.413      4.701      0.000       3.867       9.416
UGA                        3.3182      1.458      2.277      0.023       0.455       6.181
UKR                        3.6504      0.987      3.698      0.000       1.711       5.589
URY                        4.3030      1.166      3.690      0.000       2.013       6.593
UZB                             0          0        nan        nan           0           0
VNM                             0          0        nan        nan           0           0
VUT                        6.8933      1.299      5.308      0.000       4.343       9.444
YEM                             0          0        nan        nan           0           0
ZAF                        5.0132      1.282      3.910      0.000       2.495       7.531
ZMB                        6.2662      1.424      4.402      0.000       3.470       9.062
==============================================================================
Omnibus:                      147.043   Durbin-Watson:                   0.854
Prob(Omnibus):                  0.000   Jarque-Bera (JB):             1234.408
Skew:                          -0.733   Prob(JB):                    8.95e-269
Kurtosis:                       9.527   Cond. No.                     1.54e+20
==============================================================================

Notes:
[1] Standard Errors assume that the covariance matrix of the errors is correctly specified.
[2] The smallest eigenvalue is 2.56e-30. This might indicate that there are
strong multicollinearity problems or that the design matrix is singular.