                            OLS Regression Results                            
==============================================================================
Dep. Variable:         edu_ner_pavg_5   R-squared:                       0.522
Model:                            OLS   Adj. R-squared:                  0.478
Method:                 Least Squares   F-statistic:                     11.87
Date:                Thu, 23 Sep 2021   Prob (F-statistic):          3.00e-121
Time:                        15:50:00   Log-Likelihood:                -1861.8
No. Observations:                1238   AIC:                             3934.
Df Residuals:                    1133   BIC:                             4471.
Df Model:                         104                                         
Covariance Type:            nonrobust                                         
===============================================================================================
                                  coef    std err          t      P>|t|      [0.025      0.975]
-----------------------------------------------------------------------------------------------
education_max_proj_5yr         -0.0080      0.035     -0.226      0.821      -0.077       0.061
education_satisfactory_proj     0.0904      0.140      0.644      0.520      -0.185       0.366
edu_pupil_teacher              -0.0150      0.011     -1.354      0.176      -0.037       0.007
young_population               -0.1262      0.020     -6.465      0.000      -0.165      -0.088
gdp_pc_ppp                   5.532e-05   2.67e-05      2.071      0.039    2.91e-06       0.000
cash_surplus_deficit            0.0087      0.009      1.008      0.314      -0.008       0.026
inflation                    2.074e-05   4.71e-05      0.441      0.660   -7.16e-05       0.000
trade_share_gdp                -0.0060      0.003     -2.237      0.025      -0.011      -0.001
freedom_house                   0.0543      0.060      0.898      0.369      -0.064       0.173
mean_pc_last_5_wb               0.0021      0.021      0.104      0.917      -0.038       0.043
AGO                            10.6431      1.205      8.834      0.000       8.279      13.007
ALB                             7.3762      0.882      8.366      0.000       5.646       9.106
ARG                          9.944e-12   1.67e-12      5.958      0.000    6.67e-12    1.32e-11
ARM                             7.2044      0.860      8.379      0.000       5.517       8.891
ATG                             5.3312      1.143      4.664      0.000       3.088       7.574
AZE                             8.0865      0.854      9.466      0.000       6.410       9.763
BDI                             9.9584      1.154      8.627      0.000       7.694      12.223
BEN                            10.7378      1.053     10.197      0.000       8.672      12.804
BFA                            10.3621      1.055      9.818      0.000       8.291      12.433
BGD                             9.4003      0.893     10.525      0.000       7.648      11.153
BGR                             6.3773      0.743      8.579      0.000       4.919       7.836
BIH                          2.496e-13   4.28e-14      5.826      0.000    1.66e-13    3.34e-13
BLR                             6.4066      0.832      7.702      0.000       4.775       8.039
BLZ                          4.719e-13   7.97e-14      5.918      0.000    3.15e-13    6.28e-13
BOL                             9.4299      0.969      9.729      0.000       7.528      11.332
BRA                             7.6807      0.914      8.404      0.000       5.888       9.474
BRB                           9.66e-12   1.64e-12      5.895      0.000    6.44e-12    1.29e-11
BTN                             7.9881      0.998      8.000      0.000       6.029       9.947
BWA                             9.5586      1.078      8.868      0.000       7.444      11.673
CAF                            10.7758      1.267      8.506      0.000       8.290      13.261
CHL                             4.5259      1.029      4.400      0.000       2.508       6.544
CHN                          3.891e-12    6.6e-13      5.895      0.000     2.6e-12    5.19e-12
CIV                            10.2451      1.099      9.321      0.000       8.089      12.402
CMR                            10.6358      1.097      9.696      0.000       8.484      12.788
COD                             8.5586      1.014      8.437      0.000       6.568      10.549
COG                             7.8370      1.181      6.638      0.000       5.521      10.153
COL                             8.2604      0.925      8.934      0.000       6.446      10.075
COM                          6.793e-13   1.15e-13      5.884      0.000    4.53e-13    9.06e-13
CPV                             9.6457      1.015      9.499      0.000       7.653      11.638
CRI                             8.4378      0.953      8.858      0.000       6.569      10.307
CUB                          2.743e-13    4.7e-14      5.838      0.000    1.82e-13    3.67e-13
CYP                         -5.354e-14   8.97e-15     -5.968      0.000   -7.11e-14   -3.59e-14
CZE                         -1.596e-13   2.76e-14     -5.785      0.000   -2.14e-13   -1.05e-13
DJI                          3.493e-14   6.21e-15      5.628      0.000    2.28e-14    4.71e-14
DMA                          3.075e-14   5.76e-15      5.336      0.000    1.94e-14    4.21e-14
DOM                             8.4370      0.974      8.665      0.000       6.527      10.347
DZA                             8.5145      0.945      9.013      0.000       6.661      10.368
ECU                             5.7830      1.090      5.305      0.000       3.644       7.922
EGY                             8.2429      0.976      8.446      0.000       6.328      10.158
ERI                         -2.954e-15   4.05e-16     -7.300      0.000   -3.75e-15   -2.16e-15
ESP                          2.462e-16   2.39e-16      1.028      0.304   -2.24e-16    7.16e-16
EST                         -5.634e-15   7.56e-16     -7.448      0.000   -7.12e-15   -4.15e-15
ETH                            10.6876      1.566      6.827      0.000       7.616      13.759
FIN                         -2.003e-15    2.7e-16     -7.409      0.000   -2.53e-15   -1.47e-15
FJI                             9.3378      1.023      9.130      0.000       7.331      11.345
FSM                          2.866e-15   4.69e-16      6.105      0.000    1.94e-15    3.79e-15
GAB                         -9.329e-16   6.47e-16     -1.442      0.150    -2.2e-15    3.37e-16
GEO                             7.0960      0.681     10.419      0.000       5.760       8.432
GHA                            10.0270      1.023      9.803      0.000       8.020      12.034
GIN                         -4.772e-16   3.73e-16     -1.281      0.200   -1.21e-15    2.54e-16
GMB                            10.4226      1.519      6.860      0.000       7.441      13.404
GNB                         -3.106e-16    3.2e-16     -0.972      0.331   -9.38e-16    3.17e-16
GNQ                             7.4493      1.868      3.987      0.000       3.784      11.115
GRC                         -8.397e-17   2.12e-16     -0.397      0.692   -4.99e-16    3.31e-16
GRD                             8.1767      0.938      8.721      0.000       6.337      10.016
GTM                             8.8442      1.028      8.601      0.000       6.827      10.862
GUY                         -2.393e-16   1.41e-16     -1.692      0.091   -5.17e-16    3.82e-17
HKG                         -4.957e-16   2.01e-16     -2.463      0.014   -8.91e-16   -1.01e-16
HND                            10.2072      1.049      9.732      0.000       8.149      12.265
HRV                             5.4182      0.932      5.813      0.000       3.589       7.247
HTI                         -2.864e-16   1.87e-16     -1.534      0.125   -6.53e-16       8e-17
HUN                         -5.541e-16   1.74e-16     -3.191      0.001   -8.95e-16   -2.13e-16
IDN                             8.6142      0.827     10.412      0.000       6.991      10.237
IND                             9.0741      0.876     10.361      0.000       7.356      10.792
IRL                         -1.433e-15   2.44e-16     -5.872      0.000   -1.91e-15   -9.54e-16
IRN                             8.5836      0.995      8.624      0.000       6.631      10.536
IRQ                          7.786e-16    1.3e-16      5.984      0.000    5.23e-16    1.03e-15
ISL                          -5.49e-16   1.16e-16     -4.739      0.000   -7.76e-16   -3.22e-16
ISR                          3.779e-16   1.65e-16      2.291      0.022    5.43e-17    7.02e-16
JAM                             8.5488      0.948      9.018      0.000       6.689      10.409
JOR                             8.1146      1.144      7.095      0.000       5.871      10.359
JPN                         -6.716e-16   1.03e-16     -6.500      0.000   -8.74e-16   -4.69e-16
KAZ                             6.1107      0.963      6.348      0.000       4.222       7.999
KEN                            10.0712      1.047      9.622      0.000       8.017      12.125
KGZ                             9.1647      0.880     10.419      0.000       7.439      10.891
KHM                            10.2106      1.046      9.757      0.000       8.157      12.264
KIR                         -7.049e-17   8.88e-17     -0.793      0.428   -2.45e-16    1.04e-16
KOR                         -4.072e-16   7.95e-17     -5.125      0.000   -5.63e-16   -2.51e-16
LAO                             9.5488      1.090      8.762      0.000       7.411      11.687
LBN                             2.8644      1.204      2.379      0.018       0.502       5.227
LBR                         -5.009e-16   6.28e-17     -7.975      0.000   -6.24e-16   -3.78e-16
LCA                          7.813e-17   6.87e-17      1.137      0.256   -5.67e-17    2.13e-16
LKA                             6.2612      0.791      7.918      0.000       4.710       7.813
LSO                            10.1787      1.237      8.230      0.000       7.752      12.605
LTU                          1.488e-16   5.43e-17      2.741      0.006    4.23e-17    2.55e-16
LVA                          6.529e-17   5.38e-17      1.214      0.225   -4.02e-17    1.71e-16
MAR                             8.7725      0.853     10.284      0.000       7.099      10.446
MDA                             6.6215      0.754      8.785      0.000       5.143       8.100
MDG                             9.2161      1.024      9.004      0.000       7.208      11.224
MDV                             8.9477      1.163      7.694      0.000       6.666      11.230
MEX                             8.8146      1.158      7.611      0.000       6.542      11.087
MHL                          -4.09e-16   5.54e-17     -7.377      0.000   -5.18e-16      -3e-16
MKD                             6.8384      0.860      7.949      0.000       5.150       8.526
MLI                            10.8479      1.112      9.756      0.000       8.666      13.030
MMR                             8.5181      1.102      7.733      0.000       6.357      10.679
MNE                          3.465e-17   7.82e-18      4.432      0.000    1.93e-17       5e-17
MNG                             8.8046      0.893      9.862      0.000       7.053      10.556
MOZ                            11.3213      1.310      8.642      0.000       8.751      13.892
MRT                                  0          0        nan        nan           0           0
MUS                             8.1202      0.901      9.014      0.000       6.353       9.888
MWI                                  0          0        nan        nan           0           0
MYS                             8.7597      1.220      7.180      0.000       6.366      11.154
NAM                             9.8878      1.107      8.929      0.000       7.715      12.061
NER                                  0          0        nan        nan           0           0
NGA                            10.1085      1.053      9.597      0.000       8.042      12.175
NIC                             9.5940      0.968      9.908      0.000       7.694      11.494
NPL                             9.6456      0.933     10.337      0.000       7.815      11.476
NRU                                  0          0        nan        nan           0           0
NZL                                  0          0        nan        nan           0           0
OMN                                  0          0        nan        nan           0           0
PAK                             7.4130      0.984      7.535      0.000       5.483       9.343
PAN                             9.0887      1.095      8.297      0.000       6.939      11.238
PER                             8.2949      0.885      9.377      0.000       6.559      10.030
PHL                             9.4784      0.931     10.176      0.000       7.651      11.306
PLW                                  0          0        nan        nan           0           0
PNG                             5.9616      1.001      5.957      0.000       3.998       7.925
POL                             6.1126      0.916      6.670      0.000       4.314       7.911
PRK                                  0          0        nan        nan           0           0
PRT                                  0          0        nan        nan           0           0
PRY                             8.9636      1.008      8.895      0.000       6.986      10.941
PSE                                  0          0        nan        nan           0           0
ROU                             6.0691      0.786      7.718      0.000       4.526       7.612
RUS                             6.0406      0.872      6.927      0.000       4.330       7.752
RWA                             8.0571      1.050      7.671      0.000       5.996      10.118
SDN                                  0          0        nan        nan           0           0
SEN                            10.3612      1.043      9.929      0.000       8.314      12.409
SGP                                  0          0        nan        nan           0           0
SLB                                  0          0        nan        nan           0           0
SLE                                  0          0        nan        nan           0           0
SLV                             9.2465      0.954      9.689      0.000       7.374      11.119
SOM                                  0          0        nan        nan           0           0
SRB                             6.6122      0.915      7.225      0.000       4.816       8.408
SSD                                  0          0        nan        nan           0           0
STP                                  0          0        nan        nan           0           0
SUR                             7.9191      1.128      7.021      0.000       5.706      10.132
SVK                                  0          0        nan        nan           0           0
SVN                                  0          0        nan        nan           0           0
SWZ                                  0          0        nan        nan           0           0
SYC                             7.8861      1.094      7.207      0.000       5.739      10.033
SYR                                  0          0        nan        nan           0           0
TCA                                  0          0        nan        nan           0           0
TCD                                  0          0        nan        nan           0           0
TGO                            10.6662      1.048     10.178      0.000       8.610      12.722
THA                             4.4276      0.843      5.255      0.000       2.774       6.081
TJK                            10.4399      1.132      9.219      0.000       8.218      12.662
TKM                                  0          0        nan        nan           0           0
TLS                                  0          0        nan        nan           0           0
TON                                  0          0        nan        nan           0           0
TTO                                  0          0        nan        nan           0           0
TUN                             8.4765      0.917      9.244      0.000       6.677      10.276
TUR                             8.0317      1.027      7.823      0.000       6.017      10.046
TUV                                  0          0        nan        nan           0           0
TZA                            11.0055      1.184      9.295      0.000       8.682      13.329
UGA                             7.9848      1.132      7.055      0.000       5.764      10.206
UKR                             5.5191      0.728      7.583      0.000       4.091       6.947
URY                             7.1118      0.846      8.407      0.000       5.452       8.772
USA                                  0          0        nan        nan           0           0
UZB                                  0          0        nan        nan           0           0
VNM                                  0          0        nan        nan           0           0
VUT                             8.8838      0.947      9.377      0.000       7.025      10.743
WSM                             9.9432      1.487      6.688      0.000       7.026      12.860
XKX                                  0          0        nan        nan           0           0
YEM                                  0          0        nan        nan           0           0
YUG                                  0          0        nan        nan           0           0
ZAF                             8.8899      0.958      9.283      0.000       7.011      10.769
ZMB                            11.0759      1.090     10.162      0.000       8.938      13.214
ZWE                                  0          0        nan        nan           0           0
==============================================================================
Omnibus:                      131.359   Durbin-Watson:                   0.630
Prob(Omnibus):                  0.000   Jarque-Bera (JB):              283.038
Skew:                          -0.637   Prob(JB):                     3.46e-62
Kurtosis:                       4.965   Cond. No.                     4.03e+20
==============================================================================

Notes:
[1] Standard Errors assume that the covariance matrix of the errors is correctly specified.
[2] The smallest eigenvalue is 8.02e-31. This might indicate that there are
strong multicollinearity problems or that the design matrix is singular.