                            OLS Regression Results                            
==============================================================================
Dep. Variable:         edu_ner_pavg_5   R-squared:                       0.525
Model:                            OLS   Adj. R-squared:                  0.482
Method:                 Least Squares   F-statistic:                     12.05
Date:                Thu, 23 Sep 2021   Prob (F-statistic):          5.09e-123
Time:                        15:50:00   Log-Likelihood:                -1856.9
No. Observations:                1238   AIC:                             3924.
Df Residuals:                    1133   BIC:                             4462.
Df Model:                         104                                         
Covariance Type:            nonrobust                                         
===============================================================================================
                                  coef    std err          t      P>|t|      [0.025      0.975]
-----------------------------------------------------------------------------------------------
mean_pc_last_5                  0.1033      0.035      2.987      0.003       0.035       0.171
education_max_proj_5yr         -0.0099      0.035     -0.281      0.779      -0.079       0.059
education_satisfactory_proj     0.0776      0.140      0.554      0.579      -0.197       0.352
edu_pupil_teacher              -0.0152      0.011     -1.377      0.169      -0.037       0.006
young_population               -0.1133      0.020     -5.690      0.000      -0.152      -0.074
gdp_pc_ppp                    5.49e-05   2.66e-05      2.066      0.039    2.76e-06       0.000
cash_surplus_deficit            0.0069      0.009      0.801      0.423      -0.010       0.024
inflation                    1.609e-05   4.69e-05      0.343      0.732    -7.6e-05       0.000
trade_share_gdp                -0.0063      0.003     -2.374      0.018      -0.012      -0.001
freedom_house                   0.0653      0.060      1.082      0.279      -0.053       0.184
AGO                             9.9728      1.221      8.169      0.000       7.578      12.368
ALB                             6.8253      0.897      7.606      0.000       5.065       8.586
ARG                          4.943e-12   1.38e-12      3.571      0.000    2.23e-12    7.66e-12
ARM                             6.7778      0.868      7.806      0.000       5.074       8.481
ATG                             4.7012      1.158      4.060      0.000       2.429       6.973
AZE                             7.8180      0.856      9.137      0.000       6.139       9.497
BDI                             9.2477      1.174      7.880      0.000       6.945      11.550
BEN                             9.9770      1.078      9.253      0.000       7.861      12.093
BFA                             9.5348      1.086      8.776      0.000       7.403      11.667
BGD                             8.8422      0.908      9.734      0.000       7.060      10.625
BGR                             6.1261      0.745      8.221      0.000       4.664       7.588
BIH                         -1.251e-11   3.63e-12     -3.446      0.001   -1.96e-11   -5.39e-12
BLR                             6.2536      0.830      7.535      0.000       4.625       7.882
BLZ                         -3.271e-12   9.53e-13     -3.431      0.001   -5.14e-12    -1.4e-12
BOL                             8.7456      0.992      8.814      0.000       6.799      10.692
BRA                             7.3302      0.918      7.988      0.000       5.530       9.131
BRB                          3.597e-12   1.04e-12      3.444      0.001    1.55e-12    5.65e-12
BTN                             7.2128      1.028      7.017      0.000       5.196       9.230
BWA                             8.9201      1.095      8.148      0.000       6.772      11.068
CAF                            10.0688      1.283      7.851      0.000       7.552      12.585
CHL                             4.1420      1.033      4.011      0.000       2.116       6.168
CHN                          7.121e-12   2.07e-12      3.438      0.001    3.06e-12    1.12e-11
CIV                             9.5322      1.120      8.509      0.000       7.334      11.730
CMR                             9.9906      1.113      8.974      0.000       7.806      12.175
COD                             8.0246      1.026      7.823      0.000       6.012      10.037
COG                             7.2052      1.195      6.032      0.000       4.861       9.549
COL                             7.7749      0.935      8.313      0.000       5.940       9.610
COM                          2.507e-13   7.33e-14      3.421      0.001    1.07e-13    3.94e-13
CPV                             8.7447      1.055      8.285      0.000       6.674      10.816
CRI                             7.9811      0.961      8.304      0.000       6.095       9.867
CUB                          1.723e-13      5e-14      3.447      0.001    7.42e-14     2.7e-13
CYP                          2.724e-13   7.89e-14      3.451      0.001    1.18e-13    4.27e-13
CZE                          1.442e-13   4.25e-14      3.395      0.001    6.08e-14    2.27e-13
DJI                         -9.514e-14   2.82e-14     -3.376      0.001    -1.5e-13   -3.98e-14
DMA                          4.053e-14   1.18e-14      3.445      0.001    1.74e-14    6.36e-14
DOM                             7.8478      0.990      7.929      0.000       5.906       9.790
DZA                             7.9840      0.958      8.338      0.000       6.105       9.863
ECU                             5.3100      1.097      4.839      0.000       3.157       7.463
EGY                             7.6730      0.990      7.749      0.000       5.730       9.616
ERI                         -5.838e-15   1.61e-15     -3.634      0.000   -8.99e-15   -2.69e-15
ESP                          2.975e-15   1.24e-15      2.393      0.017    5.36e-16    5.41e-15
EST                          1.327e-15   3.15e-16      4.218      0.000     7.1e-16    1.94e-15
ETH                             9.9718      1.577      6.325      0.000       6.878      13.065
FIN                          6.379e-16   3.78e-16      1.686      0.092   -1.05e-16    1.38e-15
FJI                             8.6593      1.044      8.296      0.000       6.611      10.707
FSM                         -9.403e-16   4.33e-16     -2.173      0.030   -1.79e-15   -9.12e-17
GAB                         -4.513e-17   3.19e-16     -0.141      0.888   -6.71e-16    5.81e-16
GEO                             6.7261      0.690      9.755      0.000       5.373       8.079
GHA                             9.3685      1.042      8.992      0.000       7.324      11.413
GIN                          2.176e-15   3.58e-16      6.073      0.000    1.47e-15    2.88e-15
GMB                             9.8908      1.524      6.491      0.000       6.901      12.881
GNB                          2.324e-16   2.32e-16      1.002      0.317   -2.23e-16    6.88e-16
GNQ                             6.6621      1.879      3.545      0.000       2.975      10.349
GRC                          8.867e-16   2.46e-16      3.604      0.000    4.04e-16    1.37e-15
GRD                             7.4847      0.961      7.787      0.000       5.599       9.371
GTM                             8.1614      1.049      7.777      0.000       6.102      10.220
GUY                         -2.443e-16   2.13e-16     -1.145      0.252   -6.63e-16    1.74e-16
HKG                         -3.159e-16   2.23e-16     -1.417      0.157   -7.53e-16    1.21e-16
HND                             9.5029      1.071      8.873      0.000       7.402      11.604
HRV                             5.1002      0.934      5.461      0.000       3.268       6.933
HTI                         -3.818e-16   1.47e-16     -2.593      0.010   -6.71e-16   -9.29e-17
HUN                         -9.023e-16   1.66e-16     -5.435      0.000   -1.23e-15   -5.77e-16
IDN                             8.1225      0.840      9.668      0.000       6.474       9.771
IND                             8.7481      0.878      9.969      0.000       7.026      10.470
IRL                          2.377e-16   1.48e-16      1.603      0.109   -5.33e-17    5.29e-16
IRN                             8.2160      0.999      8.224      0.000       6.256      10.176
IRQ                         -3.459e-16   1.31e-16     -2.650      0.008   -6.02e-16   -8.98e-17
ISL                          2.825e-16   1.37e-16      2.060      0.040    1.34e-17    5.52e-16
ISR                          7.808e-17   1.19e-16      0.658      0.511   -1.55e-16    3.11e-16
JAM                             7.9558      0.965      8.245      0.000       6.063       9.849
JOR                             7.4041      1.164      6.362      0.000       5.121       9.687
JPN                         -2.819e-16   1.14e-16     -2.467      0.014   -5.06e-16   -5.77e-17
KAZ                             5.7309      0.967      5.925      0.000       3.833       7.629
KEN                             9.4320      1.063      8.875      0.000       7.347      11.517
KGZ                             8.6445      0.893      9.677      0.000       6.892      10.397
KHM                             9.5772      1.063      9.013      0.000       7.492      11.662
KIR                          8.179e-17   9.69e-17      0.844      0.399   -1.08e-16    2.72e-16
KOR                           6.89e-16   9.34e-17      7.380      0.000    5.06e-16    8.72e-16
LAO                             8.8501      1.110      7.972      0.000       6.672      11.028
LBN                             2.1998      1.220      1.804      0.072      -0.193       4.593
LBR                         -1.629e-16   6.42e-17     -2.537      0.011   -2.89e-16   -3.69e-17
LCA                         -1.609e-16   8.36e-17     -1.924      0.055   -3.25e-16    3.18e-18
LKA                             5.7708      0.805      7.172      0.000       4.192       7.350
LSO                             9.5687      1.249      7.662      0.000       7.119      12.019
LTU                          -1.74e-16   4.72e-17     -3.682      0.000   -2.67e-16   -8.13e-17
LVA                          -2.52e-16    7.2e-17     -3.500      0.000   -3.93e-16   -1.11e-16
MAR                             8.1527      0.874      9.325      0.000       6.437       9.868
MDA                             6.2747      0.760      8.259      0.000       4.784       7.765
MDG                             8.4940      1.047      8.110      0.000       6.439      10.549
MDV                             8.1993      1.184      6.923      0.000       5.876      10.523
MEX                             8.2592      1.168      7.068      0.000       5.967      10.552
MHL                          6.722e-17    7.2e-17      0.934      0.350    -7.4e-17    2.08e-16
MKD                             6.3466      0.873      7.273      0.000       4.634       8.059
MLI                            10.0287      1.140      8.795      0.000       7.791      12.266
MMR                             8.2516      1.101      7.497      0.000       6.092      10.411
MNE                         -1.275e-18   8.35e-18     -0.153      0.879   -1.77e-17    1.51e-17
MNG                             8.2189      0.911      9.026      0.000       6.432      10.005
MOZ                            10.4838      1.334      7.856      0.000       7.866      13.102
MRT                                  0          0        nan        nan           0           0
MUS                             7.6078      0.913      8.329      0.000       5.816       9.400
MWI                                  0          0        nan        nan           0           0
MYS                             8.2697      1.226      6.747      0.000       5.865      10.675
NAM                             9.1446      1.131      8.087      0.000       6.926      11.363
NER                                  0          0        nan        nan           0           0
NGA                             9.5490      1.065      8.968      0.000       7.460      11.638
NIC                             8.8843      0.993      8.944      0.000       6.935      10.833
NPL                             8.9927      0.954      9.422      0.000       7.120      10.865
NRU                                  0          0        nan        nan           0           0
NZL                                  0          0        nan        nan           0           0
OMN                                  0          0        nan        nan           0           0
PAK                             6.8326      0.998      6.845      0.000       4.874       8.791
PAN                             8.6035      1.103      7.800      0.000       6.439      10.768
PER                             7.7596      0.899      8.631      0.000       5.996       9.524
PHL                             8.9466      0.945      9.472      0.000       7.093      10.800
PLW                                  0          0        nan        nan           0           0
PNG                             5.2780      1.023      5.161      0.000       3.271       7.285
POL                             5.9133      0.915      6.462      0.000       4.118       7.709
PRK                                  0          0        nan        nan           0           0
PRT                                  0          0        nan        nan           0           0
PRY                             8.3617      1.024      8.167      0.000       6.353      10.371
PSE                                  0          0        nan        nan           0           0
ROU                             5.8384      0.787      7.418      0.000       4.294       7.383
RUS                             6.0135      0.869      6.922      0.000       4.309       7.718
RWA                             7.3422      1.072      6.846      0.000       5.238       9.446
SDN                                  0          0        nan        nan           0           0
SEN                             9.5415      1.075      8.878      0.000       7.433      11.650
SGP                                  0          0        nan        nan           0           0
SLB                                  0          0        nan        nan           0           0
SLE                                  0          0        nan        nan           0           0
SLV                             8.6094      0.974      8.837      0.000       6.698      10.521
SOM                                  0          0        nan        nan           0           0
SRB                             6.1672      0.924      6.677      0.000       4.355       7.979
SSD                                  0          0        nan        nan           0           0
STP                                  0          0        nan        nan           0           0
SUR                             7.2991      1.142      6.389      0.000       5.057       9.541
SVK                                  0          0        nan        nan           0           0
SVN                                  0          0        nan        nan           0           0
SWZ                                  0          0        nan        nan           0           0
SYC                             7.2243      1.112      6.497      0.000       5.043       9.406
SYR                                  0          0        nan        nan           0           0
TCA                                  0          0        nan        nan           0           0
TCD                                  0          0        nan        nan           0           0
TGO                             9.9511      1.071      9.293      0.000       7.850      12.052
THA                             4.1354      0.845      4.896      0.000       2.478       5.793
TJK                             9.8655      1.144      8.624      0.000       7.621      12.110
TKM                                  0          0        nan        nan           0           0
TLS                                  0          0        nan        nan           0           0
TON                                  0          0        nan        nan           0           0
TTO                                  0          0        nan        nan           0           0
TUN                             7.8650      0.936      8.403      0.000       6.029       9.701
TUR                             7.5640      1.035      7.311      0.000       5.534       9.594
TUV                                  0          0        nan        nan           0           0
TZA                            10.2829      1.204      8.543      0.000       7.921      12.644
UGA                             7.1735      1.158      6.193      0.000       4.901       9.446
UKR                             5.3805      0.726      7.407      0.000       3.955       6.806
URY                             6.6449      0.856      7.763      0.000       4.965       8.324
USA                                  0          0        nan        nan           0           0
UZB                                  0          0        nan        nan           0           0
VNM                                  0          0        nan        nan           0           0
VUT                             8.0041      0.989      8.096      0.000       6.064       9.944
WSM                             8.9675      1.516      5.913      0.000       5.992      11.943
XKX                                  0          0        nan        nan           0           0
YEM                                  0          0        nan        nan           0           0
YUG                                  0          0        nan        nan           0           0
ZAF                             8.3701      0.969      8.637      0.000       6.469      10.272
ZMB                            10.2510      1.120      9.154      0.000       8.054      12.448
ZWE                                  0          0        nan        nan           0           0
==============================================================================
Omnibus:                      120.842   Durbin-Watson:                   0.630
Prob(Omnibus):                  0.000   Jarque-Bera (JB):              262.005
Skew:                          -0.590   Prob(JB):                     1.28e-57
Kurtosis:                       4.920   Cond. No.                     4.44e+20
==============================================================================

Notes:
[1] Standard Errors assume that the covariance matrix of the errors is correctly specified.
[2] The smallest eigenvalue is 6.61e-31. This might indicate that there are
strong multicollinearity problems or that the design matrix is singular.