                              OLS Regression Results                             
=================================================================================
Dep. Variable:     mortality_under5_pavg   R-squared:                       0.994
Model:                               OLS   Adj. R-squared:                  0.993
Method:                    Least Squares   F-statistic:                     2181.
Date:                   Wed, 29 Sep 2021   Prob (F-statistic):               0.00
Time:                           17:48:33   Log-Likelihood:                 2081.4
No. Observations:                   1634   AIC:                            -3935.
Df Residuals:                       1520   BIC:                            -3319.
Df Model:                            113                                         
Covariance Type:               nonrobust                                         
============================================================================================
                               coef    std err          t      P>|t|      [0.025      0.975]
--------------------------------------------------------------------------------------------
mean_pc_last_5_ppd          -0.0062      0.001     -5.579      0.000      -0.008      -0.004
lag_log_mort                 0.6941      0.020     34.391      0.000       0.655       0.734
hiv_prevalence_pavg_lag1     0.0126      0.002      8.145      0.000       0.010       0.016
fertility_pavg_lag1          0.0868      0.011      7.930      0.000       0.065       0.108
gdp_pc_ppp_lag1          -1.427e-05   1.48e-06     -9.624      0.000   -1.72e-05   -1.14e-05
population_lag1           1.169e-09   5.88e-10      1.988      0.047    1.58e-11    2.32e-09
conflict                     0.0250      0.010      2.480      0.013       0.005       0.045
health_max_proj_5yr         -0.0078      0.002     -4.936      0.000      -0.011      -0.005
w_avg_rating_lag5           -0.0008      0.002     -0.430      0.667      -0.004       0.003
access_water                -0.0049      0.001     -7.436      0.000      -0.006      -0.004
access_sanitation            0.0037      0.001      4.772      0.000       0.002       0.005
physicians_rate              0.0321      0.009      3.391      0.001       0.014       0.051
AGO                          0.2348      0.034      6.833      0.000       0.167       0.302
ALB                          0.0126      0.065      0.195      0.845      -0.114       0.140
ARG                          0.0099      0.070      0.140      0.889      -0.128       0.148
ARM                          0.0307      0.068      0.455      0.649      -0.102       0.163
ATG                      -4.782e-10   1.51e-10     -3.169      0.002   -7.74e-10   -1.82e-10
AZE                          0.1992      0.067      2.955      0.003       0.067       0.331
BDI                          0.1228      0.039      3.151      0.002       0.046       0.199
BEN                          0.3835      0.043      8.928      0.000       0.299       0.468
BFA                          0.3396      0.039      8.634      0.000       0.262       0.417
BGD                      -4.111e-10   2.35e-10     -1.749      0.080   -8.72e-10    4.99e-11
BGR                          0.0276      0.079      0.351      0.725      -0.127       0.182
BIH                      -3.344e-10   2.26e-10     -1.483      0.138   -7.77e-10    1.08e-10
BLR                         -0.2354      0.078     -3.025      0.003      -0.388      -0.083
BLZ                      -2.453e-10   3.25e-10     -0.755      0.450   -8.82e-10    3.92e-10
BOL                          0.2460      0.051      4.864      0.000       0.147       0.345
BRA                         -0.0575      0.106     -0.544      0.587      -0.265       0.150
BRB                       5.824e-10   4.08e-10      1.428      0.153   -2.17e-10    1.38e-09
BTN                      -3.786e-10   3.11e-10     -1.218      0.223   -9.88e-10    2.31e-10
BWA                          0.1788      0.067      2.678      0.007       0.048       0.310
CAF                          0.4017      0.043      9.372      0.000       0.318       0.486
CHL                         -0.1089      0.072     -1.521      0.129      -0.249       0.032
CHN                       1.253e-09   4.35e-10      2.882      0.004       4e-10    2.11e-09
CIV                          0.3793      0.045      8.357      0.000       0.290       0.468
CMR                          0.2728      0.037      7.375      0.000       0.200       0.345
COD                          0.0907      0.035      2.573      0.010       0.022       0.160
COG                          0.3803      0.051      7.384      0.000       0.279       0.481
COL                          0.0068      0.060      0.113      0.910      -0.110       0.124
COM                          0.4227      0.050      8.392      0.000       0.324       0.521
CPV                          0.0671      0.055      1.230      0.219      -0.040       0.174
CRI                         -0.0941      0.071     -1.318      0.188      -0.234       0.046
CUB                      -1.854e-10   4.18e-10     -0.443      0.658   -1.01e-09    6.35e-10
CYP                      -3.456e-10   3.59e-10     -0.962      0.336   -1.05e-09    3.59e-10
CZE                       4.802e-10   2.85e-10      1.686      0.092   -7.86e-11    1.04e-09
DJI                      -6.874e-10   2.69e-10     -2.552      0.011   -1.22e-09   -1.59e-10
DMA                      -7.434e-10   3.79e-10     -1.963      0.050   -1.49e-09   -4.68e-13
DOM                          0.1574      0.059      2.679      0.007       0.042       0.273
DZA                          0.0874      0.058      1.513      0.130      -0.026       0.201
ECU                         -0.0429      0.055     -0.774      0.439      -0.152       0.066
EGY                         -0.0350      0.062     -0.566      0.571      -0.156       0.086
ERI                       6.287e-10   3.87e-10      1.625      0.104    -1.3e-10    1.39e-09
ESP                       5.809e-11   2.34e-10      0.249      0.804      -4e-10    5.16e-10
EST                       1.684e-09   5.08e-10      3.318      0.001    6.89e-10    2.68e-09
ETH                         -0.0095      0.044     -0.218      0.828      -0.095       0.076
FIN                      -4.013e-10   2.96e-10     -1.356      0.175   -9.82e-10    1.79e-10
FJI                          0.0999      0.063      1.585      0.113      -0.024       0.224
FSM                      -9.739e-10   3.62e-10     -2.688      0.007   -1.68e-09   -2.63e-10
GAB                          0.5007      0.058      8.658      0.000       0.387       0.614
GEO                         -0.0664      0.074     -0.898      0.369      -0.211       0.079
GHA                          0.3917      0.052      7.585      0.000       0.290       0.493
GIN                          0.3317      0.042      7.960      0.000       0.250       0.413
GMB                          0.1590      0.046      3.460      0.001       0.069       0.249
GNB                          0.3273      0.041      7.898      0.000       0.246       0.409
GNQ                          0.1707      0.055      3.084      0.002       0.062       0.279
GRC                      -1.662e-09    5.4e-10     -3.080      0.002   -2.72e-09   -6.03e-10
GRD                      -2.864e-09   3.24e-10     -8.832      0.000    -3.5e-09   -2.23e-09
GTM                          0.0662      0.049      1.355      0.176      -0.030       0.162
GUY                          0.2274      0.059      3.827      0.000       0.111       0.344
HKG                       -8.61e-10   3.78e-10     -2.275      0.023    -1.6e-09   -1.19e-10
HND                         -0.0717      0.051     -1.417      0.157      -0.171       0.028
HRV                         -0.1452      0.082     -1.759      0.079      -0.307       0.017
HTI                          0.3268      0.048      6.879      0.000       0.234       0.420
HUN                       5.325e-10   3.74e-10      1.424      0.155   -2.01e-10    1.27e-09
IDN                       8.915e-11   4.43e-10      0.201      0.841    -7.8e-10    9.58e-10
IND                      -1.571e-09   4.42e-10     -3.553      0.000   -2.44e-09   -7.04e-10
IRL                      -3.975e-10   2.81e-10     -1.413      0.158   -9.49e-10    1.54e-10
IRN                          0.0574      0.065      0.882      0.378      -0.070       0.185
IRQ                       6.455e-10   4.38e-10      1.472      0.141   -2.15e-10    1.51e-09
ISL                      -2.012e-09   3.01e-10     -6.692      0.000    -2.6e-09   -1.42e-09
ISR                       2.223e-09   3.71e-10      5.990      0.000    1.49e-09    2.95e-09
JAM                          0.0769      0.064      1.203      0.229      -0.048       0.202
JOR                      -1.063e-09   4.24e-10     -2.507      0.012    -1.9e-09   -2.31e-10
JPN                      -1.089e-09   3.64e-10     -2.990      0.003    -1.8e-09   -3.75e-10
KAZ                          0.0992      0.072      1.375      0.169      -0.042       0.241
KEN                          0.0946      0.040      2.376      0.018       0.016       0.173
KGZ                         -0.0112      0.063     -0.177      0.859      -0.135       0.112
KHM                          0.1844      0.049      3.751      0.000       0.088       0.281
KIR                       -1.05e-09    3.4e-10     -3.092      0.002   -1.72e-09   -3.84e-10
KOR                       7.871e-10   3.48e-10      2.262      0.024    1.05e-10    1.47e-09
LAO                          0.2323      0.042      5.487      0.000       0.149       0.315
LBN                         -0.1145      0.069     -1.651      0.099      -0.251       0.022
LBR                          0.2568      0.046      5.584      0.000       0.167       0.347
LCA                      -1.868e-11   3.05e-10     -0.061      0.951   -6.17e-10     5.8e-10
LKA                         -0.1342      0.062     -2.148      0.032      -0.257      -0.012
LSO                          0.3743      0.060      6.190      0.000       0.256       0.493
LTU                      -4.858e-10   1.65e-10     -2.941      0.003    -8.1e-10   -1.62e-10
LVA                       7.079e-10   1.76e-10      4.033      0.000    3.64e-10    1.05e-09
MAR                          0.0915      0.053      1.730      0.084      -0.012       0.195
MDA                          0.0466      0.070      0.667      0.505      -0.091       0.184
MDG                          0.1146      0.041      2.827      0.005       0.035       0.194
MDV                      -8.736e-10   2.58e-10     -3.383      0.001   -1.38e-09   -3.67e-10
MEX                       1.107e-09   4.02e-10      2.753      0.006    3.18e-10     1.9e-09
MHL                      -2.648e-09   3.57e-10     -7.424      0.000   -3.35e-09   -1.95e-09
MKD                       2.952e-10   2.47e-10      1.196      0.232   -1.89e-10    7.79e-10
MLI                          0.2582      0.034      7.651      0.000       0.192       0.324
MMR                          0.2244      0.052      4.341      0.000       0.123       0.326
MNE                        1.23e-09   2.94e-10      4.189      0.000    6.54e-10    1.81e-09
MNG                          0.0771      0.062      1.249      0.212      -0.044       0.198
MOZ                          0.1180      0.038      3.141      0.002       0.044       0.192
MRT                          0.2875      0.039      7.323      0.000       0.211       0.365
MUS                          0.0704      0.072      0.980      0.327      -0.070       0.211
MWI                          0.0349      0.040      0.878      0.380      -0.043       0.113
MYS                         -0.2180      0.070     -3.102      0.002      -0.356      -0.080
NAM                          0.3479      0.057      6.123      0.000       0.236       0.459
NER                          0.1652      0.035      4.773      0.000       0.097       0.233
NGA                          0.1587      0.072      2.209      0.027       0.018       0.300
NIC                          0.0538      0.053      1.010      0.312      -0.051       0.158
NPL                          0.2486      0.053      4.690      0.000       0.145       0.353
NRU                       1.517e-09      3e-10      5.051      0.000    9.28e-10    2.11e-09
NZL                       1.005e-09   3.44e-10      2.921      0.004     3.3e-10    1.68e-09
OMN                      -3.863e-09   3.96e-10     -9.747      0.000   -4.64e-09   -3.09e-09
PAK                          0.2269      0.085      2.665      0.008       0.060       0.394
PAN                       1.413e-10   3.29e-10      0.430      0.667   -5.03e-10    7.86e-10
PER                         -0.0310      0.054     -0.580      0.562      -0.136       0.074
PHL                         -0.0447      0.058     -0.767      0.443      -0.159       0.070
PLW                      -2.374e-10   2.01e-10     -1.181      0.238   -6.32e-10    1.57e-10
PNG                          0.1507      0.047      3.180      0.002       0.058       0.244
POL                       9.092e-10   1.85e-10      4.928      0.000    5.47e-10    1.27e-09
PRK                      -6.094e-10    2.7e-10     -2.260      0.024   -1.14e-09   -8.04e-11
PRT                       1.629e-09   2.86e-10      5.689      0.000    1.07e-09    2.19e-09
PRY                          0.0222      0.055      0.405      0.686      -0.085       0.130
PSE                       1.829e-09   2.93e-10      6.236      0.000    1.25e-09     2.4e-09
ROU                          0.1055      0.072      1.464      0.143      -0.036       0.247
RUS                       2.607e-10   1.27e-10      2.058      0.040    1.23e-11    5.09e-10
RWA                          0.1996      0.039      5.155      0.000       0.124       0.275
SDN                          0.1649      0.038      4.344      0.000       0.090       0.239
SEN                          0.2446      0.039      6.339      0.000       0.169       0.320
SGP                       5.359e-12   3.22e-11      0.167      0.868   -5.78e-11    6.85e-11
SLB                      -1.639e-11   9.84e-11     -0.167      0.868   -2.09e-10    1.77e-10
SLE                          0.3915      0.039      9.983      0.000       0.315       0.468
SLV                         -0.0332      0.057     -0.579      0.562      -0.145       0.079
SOM                          0.1043      0.032      3.288      0.001       0.042       0.166
SRB                         -0.2222      0.076     -2.939      0.003      -0.370      -0.074
SSD                               0          0        nan        nan           0           0
STP                               0          0        nan        nan           0           0
SUR                          0.1672      0.064      2.601      0.009       0.041       0.293
SVK                               0          0        nan        nan           0           0
SVN                               0          0        nan        nan           0           0
SWZ                          0.2316      0.053      4.374      0.000       0.128       0.336
SYC                               0          0        nan        nan           0           0
SYR                               0          0        nan        nan           0           0
TCA                               0          0        nan        nan           0           0
TCD                          0.2371      0.034      7.051      0.000       0.171       0.303
TGO                          0.2609      0.044      5.982      0.000       0.175       0.346
THA                         -0.0662      0.069     -0.954      0.340      -0.202       0.070
TJK                         -0.1135      0.056     -2.011      0.044      -0.224      -0.003
TKM                               0          0        nan        nan           0           0
TLS                               0          0        nan        nan           0           0
TON                               0          0        nan        nan           0           0
TTO                          0.3361      0.074      4.528      0.000       0.190       0.482
TUN                          0.0316      0.061      0.515      0.607      -0.089       0.152
TUR                               0          0        nan        nan           0           0
TUV                               0          0        nan        nan           0           0
TZA                          0.1231      0.042      2.949      0.003       0.041       0.205
UGA                          0.0824      0.037      2.258      0.024       0.011       0.154
UKR                         -0.0911      0.073     -1.241      0.215      -0.235       0.053
URY                               0          0        nan        nan           0           0
USA                               0          0        nan        nan           0           0
UZB                          0.0436      0.061      0.714      0.475      -0.076       0.163
VNM                          0.0388      0.065      0.601      0.548      -0.088       0.165
VUT                               0          0        nan        nan           0           0
WSM                               0          0        nan        nan           0           0
XKX                               0          0        nan        nan           0           0
YEM                               0          0        nan        nan           0           0
YUG                               0          0        nan        nan           0           0
ZAF                          0.3881      0.060      6.454      0.000       0.270       0.506
ZMB                         -0.0205      0.039     -0.530      0.596      -0.096       0.055
ZWE                          0.2401      0.057      4.230      0.000       0.129       0.351
2.0                               0          0        nan        nan           0           0
3.0                               0          0        nan        nan           0           0
4.0                               0          0        nan        nan           0           0
5.0                               0          0        nan        nan           0           0
6.0                               0          0        nan        nan           0           0
7.0                               0          0        nan        nan           0           0
8.0                          0.9095      0.158      5.773      0.000       0.601       1.219
9.0                          0.9115      0.139      6.569      0.000       0.639       1.184
10.0                         0.8706      0.137      6.341      0.000       0.601       1.140
11.0                         0.8144      0.136      6.010      0.000       0.549       1.080
12.0                         0.7793      0.134      5.822      0.000       0.517       1.042
==============================================================================
Omnibus:                      123.798   Durbin-Watson:                   0.446
Prob(Omnibus):                  0.000   Jarque-Bera (JB):              590.923
Skew:                           0.152   Prob(JB):                    4.82e-129
Kurtosis:                       5.930   Cond. No.                     6.89e+23
==============================================================================

Notes:
[1] Standard Errors assume that the covariance matrix of the errors is correctly specified.
[2] The smallest eigenvalue is 4.97e-30. This might indicate that there are
strong multicollinearity problems or that the design matrix is singular.