                                  OLS Regression Results                                  
==========================================================================================
Dep. Variable:     mortality_under5_pavg   R-squared (uncentered):                   1.000
Model:                               OLS   Adj. R-squared (uncentered):              1.000
Method:                    Least Squares   F-statistic:                          3.987e+04
Date:                   Thu, 23 Sep 2021   Prob (F-statistic):                   4.14e-212
Time:                           15:52:19   Log-Likelihood:                          315.89
No. Observations:                    155   AIC:                                     -539.8
Df Residuals:                        109   BIC:                                     -399.8
Df Model:                             46                                                  
Covariance Type:               nonrobust                                                  
============================================================================================
                               coef    std err          t      P>|t|      [0.025      0.975]
--------------------------------------------------------------------------------------------
mean_pc_last_5_ppd           0.0058      0.004      1.398      0.165      -0.002       0.014
lag_log_mort                 0.8023      0.048     16.616      0.000       0.707       0.898
hiv_prevalence_pavg_lag1    -0.0032      0.017     -0.194      0.847      -0.036       0.030
fertility_pavg_lag1          0.1364      0.029      4.689      0.000       0.079       0.194
gdp_pc_ppp_lag1          -8.201e-06   4.89e-06     -1.676      0.097   -1.79e-05     1.5e-06
population_lag1          -2.255e-10   9.42e-10     -0.239      0.811   -2.09e-09    1.64e-09
conflict                     0.0127      0.019      0.661      0.510      -0.025       0.051
health_max_proj_5yr         -0.0016      0.005     -0.289      0.773      -0.012       0.009
w_avg_rating_lag5           -0.0032      0.002     -1.704      0.091      -0.007       0.001
access_water                -0.0086      0.001     -5.787      0.000      -0.011      -0.006
access_sanitation            0.0076      0.002      4.086      0.000       0.004       0.011
physicians_rate             -0.0042      0.022     -0.189      0.850      -0.048       0.040
ALB                          0.3954      0.112      3.520      0.001       0.173       0.618
ARG                          0.3824      0.120      3.185      0.002       0.144       0.620
ARM                          0.4253      0.137      3.098      0.002       0.153       0.697
AZE                          0.4688      0.169      2.769      0.007       0.133       0.804
BEN                          0.5872      0.086      6.862      0.000       0.418       0.757
BLZ                       7.305e-15   2.13e-15      3.426      0.001    3.08e-15    1.15e-14
BOL                          0.5260      0.096      5.462      0.000       0.335       0.717
BRA                          0.5033      0.136      3.711      0.000       0.235       0.772
CHL                          0.2505      0.100      2.500      0.014       0.052       0.449
CHN                       4.975e-15    1.4e-15      3.548      0.001     2.2e-15    7.75e-15
COL                          0.4691      0.086      5.459      0.000       0.299       0.639
COM                          0.6582      0.090      7.302      0.000       0.480       0.837
DJI                        1.45e-15    6.6e-16      2.197      0.030    1.42e-16    2.76e-15
DMA                        5.85e-15   1.89e-15      3.090      0.003     2.1e-15     9.6e-15
DOM                          0.4596      0.113      4.080      0.000       0.236       0.683
ECU                          0.2580      0.091      2.822      0.006       0.077       0.439
EGY                          0.3232      0.086      3.773      0.000       0.153       0.493
ERI                      -3.978e-15   1.14e-15     -3.499      0.001   -6.23e-15   -1.72e-15
ETH                          0.1642      0.086      1.919      0.058      -0.005       0.334
GAB                       4.782e-15    1.6e-15      2.992      0.003    1.61e-15    7.95e-15
GHA                          0.7340      0.113      6.506      0.000       0.510       0.958
GRC                       2.143e-15   7.25e-16      2.957      0.004    7.07e-16    3.58e-15
GUY                          0.4788      0.110      4.334      0.000       0.260       0.698
HUN                      -6.574e-15   2.16e-15     -3.044      0.003   -1.09e-14   -2.29e-15
IND                      -1.068e-14   3.47e-15     -3.082      0.003   -1.76e-14   -3.81e-15
IRN                          0.4830      0.105      4.605      0.000       0.275       0.691
IRQ                       2.891e-15   9.71e-16      2.978      0.004    9.67e-16    4.81e-15
ISR                       1.485e-15   4.94e-16      3.009      0.003    5.07e-16    2.46e-15
JAM                          0.4355      0.100      4.344      0.000       0.237       0.634
JOR                       1.448e-15   4.48e-16      3.234      0.002    5.61e-16    2.34e-15
KEN                          0.3667      0.142      2.590      0.011       0.086       0.647
LAO                          0.3724      0.091      4.091      0.000       0.192       0.553
LBR                      -5.544e-18      1e-18     -5.524      0.000   -7.53e-18   -3.55e-18
MEX                               0          0        nan        nan           0           0
MLI                          0.3092      0.056      5.499      0.000       0.198       0.421
MNG                          0.2516      0.138      1.820      0.071      -0.022       0.526
NAM                          0.9074      0.254      3.569      0.001       0.404       1.411
NIC                          0.3620      0.085      4.259      0.000       0.194       0.530
PAK                          0.6629      0.131      5.049      0.000       0.403       0.923
PAN                               0          0        nan        nan           0           0
PER                          0.2717      0.093      2.918      0.004       0.087       0.456
PNG                          0.3338      0.076      4.414      0.000       0.184       0.484
POL                               0          0        nan        nan           0           0
RWA                          0.0678      0.096      0.704      0.483      -0.123       0.258
SEN                          0.3565      0.064      5.552      0.000       0.229       0.484
SOM                          0.0944      0.038      2.501      0.014       0.020       0.169
SRB                          0.2007      0.126      1.586      0.116      -0.050       0.451
TUN                          0.3542      0.108      3.266      0.001       0.139       0.569
TUR                               0          0        nan        nan           0           0
TUV                               0          0        nan        nan           0           0
UGA                          0.3120      0.150      2.075      0.040       0.014       0.610
UZB                          0.2365      0.126      1.873      0.064      -0.014       0.487
WSM                               0          0        nan        nan           0           0
YEM                               0          0        nan        nan           0           0
==============================================================================
Omnibus:                       12.479   Durbin-Watson:                   1.602
Prob(Omnibus):                  0.002   Jarque-Bera (JB):               24.380
Skew:                           0.323   Prob(JB):                     5.08e-06
Kurtosis:                       4.832   Cond. No.                     1.02e+16
==============================================================================

Notes:
[1] R² is computed without centering (uncentered) since the model does not contain a constant.
[2] Standard Errors assume that the covariance matrix of the errors is correctly specified.
[3] The smallest eigenvalue is 6.99e-15. This might indicate that there are
strong multicollinearity problems or that the design matrix is singular.